[gd_scene load_steps=40 format=3 uid="uid://b6vbg26wkrdh3"]

[ext_resource type="Script" uid="uid://blqvicje3efcj" path="res://Levels/Util/lvl_0_backyard_mission_flow.gd" id="1_jtswe"]
[ext_resource type="Script" uid="uid://42mf003bq52u" path="res://Gameplay/level_teleporter.gd" id="2_jtswe"]
[ext_resource type="PackedScene" uid="uid://boel7ylijdqup" path="res://Objects/Architypes/Props/grass.tscn" id="2_tao4m"]
[ext_resource type="Script" uid="uid://cm1uqdo37kpmi" path="res://Gameplay/LogicObjects/player_spawner.gd" id="2_xweag"]
[ext_resource type="PackedScene" uid="uid://cyrgcx64104qc" path="res://Objects/Architypes/Props/garden_chair.tscn" id="3_8wfei"]
[ext_resource type="PackedScene" uid="uid://b2suve3503bvm" path="res://Assets/Backyard/backyard_level.gltf" id="3_cya5t"]
[ext_resource type="Script" path="res://UI/camera_of_interest.gd" id="4_cya5t"]
[ext_resource type="PackedScene" uid="uid://cnaagrenu83ty" path="res://Objects/Architypes/Props/garden_table.tscn" id="4_d4xos"]
[ext_resource type="PackedScene" uid="uid://brhckpuqlnhm6" path="res://Objects/Architypes/Props/bbq.tscn" id="5_xweag"]
[ext_resource type="PackedScene" uid="uid://byi1vrdra1og3" path="res://Objects/Architypes/Props/radio.tscn" id="6_8wfei"]
[ext_resource type="PackedScene" uid="uid://j1b5yvs8pnux" path="res://Objects/Architypes/Furniture/table_round1.tscn" id="6_d4xos"]
[ext_resource type="Script" uid="uid://b6j4xt2oyttve" path="res://Objects/slopes.gd" id="6_mr8n6"]
[ext_resource type="PackedScene" uid="uid://d3unw205fanv5" path="res://Objects/Loot/pickup_beer.tscn" id="9_22u0x"]
[ext_resource type="AudioStream" uid="uid://b0agua7xlrot5" path="res://Assets/Audio/Ambience/ambience_wind.ogg" id="10_5g7ny"]
[ext_resource type="AudioStream" uid="uid://fq0vj2ffsvip" path="res://Assets/Audio/Music/PartyTheme/Theme_A.ogg" id="11_cw6dl"]
[ext_resource type="Script" uid="uid://c786nbmcn6vxf" path="res://dialogue_trigger_area.gd" id="14_cya5t"]
[ext_resource type="PackedScene" uid="uid://di5fte2dqxs0c" path="res://Assets/Furniture/window1.gltf" id="15_tao4m"]

[sub_resource type="BoxShape3D" id="BoxShape3D_mr8n6"]
size = Vector3(4.9821777, 3.3790894, 0.18530273)

[sub_resource type="Environment" id="Environment_vu8ij"]
background_mode = 1
ambient_light_source = 2
ambient_light_color = Color(0.28800002, 0.48959997, 0.96, 1)
ambient_light_energy = 1.89
tonemap_mode = 2

[sub_resource type="StandardMaterial3D" id="StandardMaterial3D_d4xos"]
shading_mode = 0
diffuse_mode = 3
albedo_color = Color(0, 0, 0, 1)

[sub_resource type="PlaneMesh" id="PlaneMesh_xweag"]

[sub_resource type="WorldBoundaryShape3D" id="WorldBoundaryShape3D_wj60t"]

[sub_resource type="BoxShape3D" id="BoxShape3D_avm5o"]
size = Vector3(5.0166626, 0.77770996, 2.171692)

[sub_resource type="BoxShape3D" id="BoxShape3D_dgmkc"]
size = Vector3(4.998535, 1, 0.7142334)

[sub_resource type="BoxShape3D" id="BoxShape3D_jtswe"]
size = Vector3(3.53125, 5.9207764, 1.696228)

[sub_resource type="BoxShape3D" id="BoxShape3D_cya5t"]
size = Vector3(5.201294, 5.9207764, 1.6745605)

[sub_resource type="CylinderShape3D" id="CylinderShape3D_tao4m"]
height = 0.1
radius = 2.51

[sub_resource type="CylinderShape3D" id="CylinderShape3D_mr8n6"]
radius = 3.5058594

[sub_resource type="CylinderShape3D" id="CylinderShape3D_jaoye"]
radius = 2.069336

[sub_resource type="CylinderShape3D" id="CylinderShape3D_kfoxe"]
radius = 5.6586914

[sub_resource type="BoxShape3D" id="BoxShape3D_kfoxe"]
size = Vector3(1.118042, 2.7145996, 2.6523438)

[sub_resource type="BoxShape3D" id="BoxShape3D_c33jy"]
size = Vector3(1.118042, 2.7145996, 4.1436157)

[sub_resource type="BoxShape3D" id="BoxShape3D_tup4f"]
size = Vector3(1.118042, 2.7145996, 2.6523438)

[sub_resource type="BoxShape3D" id="BoxShape3D_fkcxp"]
size = Vector3(1.2667236, 2.7145996, 4.441162)

[sub_resource type="BoxShape3D" id="BoxShape3D_tao4m"]
size = Vector3(6.743408, 4.0372314, 1)

[sub_resource type="SphereShape3D" id="SphereShape3D_tao4m"]
resource_local_to_scene = true
radius = 1.0

[sub_resource type="BoxShape3D" id="BoxShape3D_jaoye"]
size = Vector3(20, 5, 1)

[sub_resource type="StandardMaterial3D" id="StandardMaterial3D_cya5t"]
albedo_color = Color(0.96862745, 0, 0.6627451, 1)
emission_enabled = true
emission = Color(0.9999998, 0.23835033, 0.7047322, 1)
emission_energy_multiplier = 2.03

[sub_resource type="BoxMesh" id="BoxMesh_tao4m"]

[node name="LevelBackyard" type="Node3D" node_paths=PackedStringArray("startCam", "firstDrink", "StartBlockers", "StartTable")]
script = ExtResource("1_jtswe")
startCam = NodePath("CameraBeginning")
firstDrink = NodePath("Drinks/FirstDrinkOfTheDay")
StartBlockers = [NodePath("StartBlokker/CollisionShape3D"), NodePath("StartBlokker/CollisionShape3D2"), NodePath("StartBlokker/CollisionShape3D3")]
StartTable = NodePath("Furniture/TableSquareStart")
grass_scene = ExtResource("2_tao4m")

[node name="LevelTeleporter" type="Area3D" parent="."]
transform = Transform3D(1, 0, 0, 0, 1, 0, 0, 0, 1, -0.61884594, 0, -23.708132)
collision_mask = 3
script = ExtResource("2_jtswe")
metadata/_custom_type_script = "uid://42mf003bq52u"

[node name="CollisionShape3D" type="CollisionShape3D" parent="LevelTeleporter"]
transform = Transform3D(1, 0, 0, 0, 1, 0, 0, 0, 1, 0, 1.1895447, -0.73029137)
shape = SubResource("BoxShape3D_mr8n6")

[node name="backyard_level" parent="." instance=ExtResource("3_cya5t")]
transform = Transform3D(1.001003, 0, 0, 0, 1.001003, 0, 0, 0, 1.001003, 0, 0, -9.642477)

[node name="PlayerSpawnPoint" type="Node3D" parent="."]
transform = Transform3D(1, 0, 0, 0, 1, 0, 0, 0, 1, -2.2686832, 0, 0.018321991)
script = ExtResource("2_xweag")
metadata/_custom_type_script = "uid://cm1uqdo37kpmi"

[node name="CameraBeginning" type="Camera3D" parent="."]
transform = Transform3D(1, 0, 0, 0, 0.5285569, 0.8488979, 0, -0.8488979, 0.5285569, -3.1732478, 6, 2.627448)
fov = 55.0
script = ExtResource("4_cya5t")
blendInTime = 0.0
blendOutTime = 2.5

[node name="WorldEnvironment" type="WorldEnvironment" parent="."]
environment = SubResource("Environment_vu8ij")

[node name="DirectionalLight3D" type="DirectionalLight3D" parent="WorldEnvironment"]
transform = Transform3D(0.9730974, 0.040799826, -0.22675313, 0.16090032, 0.584081, 0.7955881, 0.16490208, -0.81066936, 0.561803, 3.2260087, 0.55014753, -3.7791426)
visible = false
light_color = Color(0, 1.2853369, 1.1084508, 1)
light_energy = 0.35
shadow_enabled = true

[node name="MeshInstance3D" type="MeshInstance3D" parent="WorldEnvironment"]
transform = Transform3D(40.108185, 0, 0, 0, 1, 0, 0, 0, 27.660757, 0.025497437, -0.6513219, 0.003614664)
material_override = SubResource("StandardMaterial3D_d4xos")
mesh = SubResource("PlaneMesh_xweag")

[node name="SpotLight3D" type="SpotLight3D" parent="WorldEnvironment"]
transform = Transform3D(0.6608127, -0.697928, -0.27608544, 0.28049028, -0.11155199, 0.95335275, -0.69616944, -0.70742685, 0.12204705, -4.763609, 4.912287, 1.7484797)
light_color = Color(0.8, 0.72, 0, 1)
light_energy = 0.179
light_specular = 8.149
shadow_enabled = true
shadow_bias = 0.102
spot_range = 15.215
spot_attenuation = -1.02
spot_angle = 44.81

[node name="SpotLight3D2" type="SpotLight3D" parent="WorldEnvironment"]
transform = Transform3D(1, 0, 0, 0, -0.9076237, 0.4197847, 0, -0.4197847, -0.9076237, -0.5586858, 1.7616131, -25.15973)
light_color = Color(0.9999998, 0.23803297, 0.74921954, 1)
light_energy = 7.161
shadow_enabled = true
spot_range = 9.497
spot_attenuation = -0.24
spot_angle = 41.45

[node name="SpotLight3D3" type="SpotLight3D" parent="WorldEnvironment"]
transform = Transform3D(1, 0, 0, 0, -0.9988417, -0.048117667, 0, 0.048117667, -0.9988417, 4.063397, 2.1927705, -24.13651)
light_color = Color(1, 0.42000002, 0.8066666, 1)
light_energy = 16.0
spot_range = 7.667
spot_attenuation = 0.74
spot_angle = 56.65

[node name="SpotLight3D4" type="SpotLight3D" parent="WorldEnvironment"]
transform = Transform3D(0.9387096, -0.3162189, 0.13722202, -0.22265466, -0.25232208, 0.94167864, -0.2631524, -0.91451585, -0.30726475, 3.857067, 1.5981598, -7.3656354)
light_color = Color(1, 0.46266663, 0.38, 1)
light_energy = 5.024
shadow_enabled = true
spot_range = 5.633
spot_attenuation = 0.96
spot_angle = 75.19

[node name="Layout" type="Node3D" parent="."]

[node name="PlayerSpawnPoint" type="Node3D" parent="Layout"]
transform = Transform3D(1, 0, 0, 0, 1, 0, 0, 0, 1, -2.1839051, 4.7683716e-07, -0.8379657)
script = ExtResource("2_xweag")
metadata/_custom_type_script = "uid://cm1uqdo37kpmi"

[node name="GroundPlane" type="StaticBody3D" parent="Layout"]
collision_layer = 65

[node name="CollisionShape3D" type="CollisionShape3D" parent="Layout/GroundPlane"]
shape = SubResource("WorldBoundaryShape3D_wj60t")

[node name="Steps" type="StaticBody3D" parent="Layout"]
transform = Transform3D(1, 0, 0, 0, 1, 0, 0, 0, 1, 0, 0, -22.463867)
collision_layer = 65

[node name="CollisionShape3D" type="CollisionShape3D" parent="Layout/Steps"]
transform = Transform3D(1, 0, 0, 0, 1, 0, 0, 0, 1, -0.5057678, -0.11114502, -0.06716919)
shape = SubResource("BoxShape3D_avm5o")

[node name="CollisionShape3D2" type="CollisionShape3D" parent="Layout/Steps"]
transform = Transform3D(1, 0, 0, 0, 1, 0, 0, 0, 1, -0.5057678, -0.24967211, 0.21071625)
shape = SubResource("BoxShape3D_avm5o")

[node name="Slope" type="StaticBody3D" parent="Layout/Steps"]
transform = Transform3D(1, 0, 0, 0, 1, 0, 0, 0, 1, -0.42240173, 0, 0.9594765)
script = ExtResource("6_mr8n6")
metadata/_custom_type_script = "uid://b6j4xt2oyttve"

[node name="CollisionShape3D" type="CollisionShape3D" parent="Layout/Steps/Slope"]
transform = Transform3D(1, 0, 0, 0, 0.8660254, -0.5, 0, 0.5, 0.8660254, -0.08569336, -0.3409804, 0.12374115)
shape = SubResource("BoxShape3D_dgmkc")

[node name="Walls" type="StaticBody3D" parent="Layout"]
collision_layer = 65

[node name="CollisionShape3D" type="CollisionShape3D" parent="Layout/Walls"]
transform = Transform3D(-4.371139e-08, 1, 0, -1, -4.371139e-08, 0, 0, 0, 1, -5.4922543, 0, 0)
shape = SubResource("WorldBoundaryShape3D_wj60t")

[node name="CollisionShape3D2" type="CollisionShape3D" parent="Layout/Walls"]
transform = Transform3D(4.371139e-08, -1, 8.742278e-08, -1, -4.371139e-08, 0, 3.821371e-15, -8.742278e-08, -1, 6.3491993, 0, 0)
shape = SubResource("WorldBoundaryShape3D_wj60t")

[node name="CollisionShape3D3" type="CollisionShape3D" parent="Layout/Walls"]
transform = Transform3D(-5.7320566e-15, 1.3113416e-07, 1, -1, -4.371139e-08, 0, 4.371139e-08, -1, 1.3113416e-07, 1.3923106, 0, 1.2959173)
shape = SubResource("WorldBoundaryShape3D_wj60t")

[node name="CollisionShape3D4" type="CollisionShape3D" parent="Layout/Walls"]
transform = Transform3D(1, 0, 0, 0, 1, 0, 0, 0, 1, -3.9268432, 2.4603882, -22.312246)
shape = SubResource("BoxShape3D_jtswe")

[node name="CollisionShape3D5" type="CollisionShape3D" parent="Layout/Walls"]
transform = Transform3D(1, 0, 0, 0, 1, 0, 0, 0, 1, 3.8432574, 2.4603882, -22.32308)
shape = SubResource("BoxShape3D_cya5t")

[node name="StaticBody3D" type="StaticBody3D" parent="Layout"]

[node name="CollisionShape3D" type="CollisionShape3D" parent="Layout/StaticBody3D"]
transform = Transform3D(1, 0, 0, 0, 1, 0, 0, 0, 1, -6.396027, 0, -0.50434065)
shape = SubResource("CylinderShape3D_tao4m")

[node name="CollisionShape3D2" type="CollisionShape3D" parent="Layout/StaticBody3D"]
transform = Transform3D(1, 0, 0, 0, 1, 0, 0, 0, 1, -6.639167, 0, -5.8691015)
shape = SubResource("CylinderShape3D_mr8n6")

[node name="CollisionShape3D3" type="CollisionShape3D" parent="Layout/StaticBody3D"]
transform = Transform3D(1, 0, 0, 0, 1, 0, 0, 0, 1, -4.092602, 0, -15.129244)
shape = SubResource("CylinderShape3D_jaoye")

[node name="CollisionShape3D4" type="CollisionShape3D" parent="Layout/StaticBody3D"]
transform = Transform3D(1, 0, 0, 0, 1, 0, 0, 0, 1, 9.052448, 0, -13.82794)
shape = SubResource("CylinderShape3D_kfoxe")

[node name="CollisionShape3D5" type="CollisionShape3D" parent="Layout/StaticBody3D"]
transform = Transform3D(1, 0, 0, 0, 1, 0, 0, 0, 1, -5.1727185, 0, -2.7658577)
shape = SubResource("BoxShape3D_kfoxe")

[node name="CollisionShape3D8" type="CollisionShape3D" parent="Layout/StaticBody3D"]
transform = Transform3D(0.7574283, 0, 0.6529184, 0, 1, 0, -0.6529184, 0, 0.7574283, -3.9694588, 0, -17.29943)
shape = SubResource("BoxShape3D_c33jy")

[node name="CollisionShape3D9" type="CollisionShape3D" parent="Layout/StaticBody3D"]
transform = Transform3D(0.96441454, 0, -0.26439485, 0, 1, 0, 0.26439485, 0, 0.96441454, -4.621748, 0, -20.155481)
shape = SubResource("BoxShape3D_c33jy")

[node name="CollisionShape3D10" type="CollisionShape3D" parent="Layout/StaticBody3D"]
transform = Transform3D(0.66849476, 0, 0.7437169, 0, 1, 0, -0.7437169, 0, 0.66849476, 5.2080064, 0, -21.218143)
shape = SubResource("BoxShape3D_c33jy")

[node name="CollisionShape3D11" type="CollisionShape3D" parent="Layout/StaticBody3D"]
transform = Transform3D(0.99989235, 0, 0.014677785, 0, 1, 0, -0.014677785, 0, 0.99989235, 5.767507, 0, -19.060064)
shape = SubResource("BoxShape3D_c33jy")

[node name="CollisionShape3D6" type="CollisionShape3D" parent="Layout/StaticBody3D"]
transform = Transform3D(0.9353082, 0, 0.353834, 0, 1, 0, -0.353834, 0, 0.9353082, -4.9134355, 0, -9.075657)
shape = SubResource("BoxShape3D_tup4f")

[node name="CollisionShape3D7" type="CollisionShape3D" parent="Layout/StaticBody3D"]
transform = Transform3D(0.93860155, 0, -0.3450034, 0, 1, 0, 0.3450034, 0, 0.93860155, -4.9858294, 0, -11.831284)
shape = SubResource("BoxShape3D_fkcxp")

[node name="Furniture" type="Node3D" parent="."]

[node name="Chair" parent="Furniture" instance=ExtResource("3_8wfei")]
transform = Transform3D(0.33413595, 0, 0.94252485, 0, 1, 0, -0.94252485, 0, 0.33413595, -3.2558692, 0.01039809, -11.340143)

[node name="Chair2" parent="Furniture" instance=ExtResource("3_8wfei")]
transform = Transform3D(0.98393184, 0, -0.17854466, 0, 1, 0, 0.17854466, 0, 0.98393184, -1.2667298, 0.010397613, -12.910271)

[node name="TableSquare2" parent="Furniture" instance=ExtResource("4_d4xos")]
transform = Transform3D(0.9035224, 0, -0.42854095, 0, 1, 0, 0.42854095, 0, 0.9035224, -1.7006061, 0, -11.177427)

[node name="TableSquareStart" parent="Furniture" instance=ExtResource("4_d4xos")]
transform = Transform3D(0.37263146, 0, 0.92797947, 0, 1, 0, -0.92797947, 0, 0.37263146, -0.33358145, -7.1525574e-07, -3.1896436)

[node name="Grill" parent="Furniture" instance=ExtResource("5_xweag")]
transform = Transform3D(0.41689956, 0, -0.90895253, 0, 1, 0, 0.90895253, 0, 0.41689956, 3.7540212, 0.02212277, -7.066873)

[node name="Radio" parent="Furniture" instance=ExtResource("6_8wfei")]
transform = Transform3D(0.94451976, 0, 0.32845455, 0, 1, 0, -0.32845455, 0, 0.94451976, -1.865329, 0.98733175, -11.276128)

[node name="TableRound1" parent="Furniture" instance=ExtResource("6_d4xos")]
transform = Transform3D(0.8187414, 0, 0.5741625, 0, 1, 0, -0.5741625, 0, 0.8187414, 2.5339246, 0.005020261, -19.403908)

[node name="Drinks" type="Node3D" parent="."]

[node name="DrunknessPickup" parent="Drinks" instance=ExtResource("9_22u0x")]
transform = Transform3D(1, 0, 0, 0, 1, 0, 0, 0, 1, 3.7756276, 1.0392127, -6.199351)

[node name="FirstDrinkOfTheDay" parent="Drinks" instance=ExtResource("9_22u0x")]
transform = Transform3D(1, 0, 0, 0, 1, 0, 0, 0, 1, -0.4829921, 0.9868157, -2.9703305)

[node name="DrunknessPickup3" parent="Drinks" instance=ExtResource("9_22u0x")]
transform = Transform3D(1, 0, 0, 0, 1, 0, 0, 0, 1, 3.1176803, 1.0392132, -7.515481)

[node name="DrunknessPickup4" parent="Drinks" instance=ExtResource("9_22u0x")]
transform = Transform3D(1, 0, 0, 0, 1, 0, 0, 0, 1, -1.3944544, 0.98681664, -10.914966)

[node name="DrunknessPickup5" parent="Drinks" instance=ExtResource("9_22u0x")]
transform = Transform3D(1, 0, 0, 0, 1, 0, 0, 0, 1, 2.2171152, 1.0309347, -19.511196)

[node name="DrunknessPickup6" parent="Drinks" instance=ExtResource("9_22u0x")]
transform = Transform3D(1, 0, 0, 0, 1, 0, 0, 0, 1, 2.5786028, 1.0309346, -19.010496)

[node name="DrunknessPickup7" parent="Drinks" instance=ExtResource("9_22u0x")]
transform = Transform3D(1, 0, 0, 0, 1, 0, 0, 0, 1, 2.2515786, 1.0309347, -19.223284)

[node name="AmbienceSounds" type="Node3D" parent="."]

[node name="CricketsAmbience" type="AudioStreamPlayer3D" parent="AmbienceSounds"]
transform = Transform3D(1, 0, 0, 0, 1, 0, 0, 0, 1, 0, 0, -3.1717882)
stream = ExtResource("10_5g7ny")
max_db = -3.0
autoplay = true
max_distance = 20.0

[node name="HousePartyMusic" type="AudioStreamPlayer3D" parent="AmbienceSounds"]
transform = Transform3D(1, 0, 0, 0, 1, 0, 0, 0, 1, 0, 3.7430115, -24.021633)
stream = ExtResource("11_cw6dl")
max_db = 0.0
autoplay = true
max_distance = 15.0

[node name="StartBlokker" type="StaticBody3D" parent="."]

[node name="CollisionShape3D" type="CollisionShape3D" parent="StartBlokker"]
transform = Transform3D(0.98458874, 0, 0.17488556, 0, 1, 0, -0.17488556, 0, 0.98458874, -3.526451, 1.5186162, -3.6825323)
shape = SubResource("BoxShape3D_tao4m")

[node name="CollisionShape3D2" type="CollisionShape3D" parent="StartBlokker"]
transform = Transform3D(0.6984403, 0, -0.7156685, 0, 1, 0, 0.7156685, 0, 0.6984403, 1.4497855, 1.5186162, -2.7431166)
shape = SubResource("BoxShape3D_tao4m")

[node name="CollisionShape3D3" type="CollisionShape3D" parent="StartBlokker"]
transform = Transform3D(-0.008674204, 0, -0.99996245, 0, 1, 0, 0.99996245, 0, -0.008674204, 2.5185573, 1.5186162, -0.7465974)
shape = SubResource("BoxShape3D_tao4m")

[node name="DialogueTriggers" type="Node3D" parent="."]

[node name="GetUpDialogue" type="Area3D" parent="DialogueTriggers"]
transform = Transform3D(1, 0, 0, 0, 1, 0, 0, 0, 1, 0.14501238, 0, -0.42900372)
collision_mask = 3
script = ExtResource("14_cya5t")
dialogue_text = " Nice job on that fence buddy! Now Spacebar or X to get back on your feet."
metadata/_custom_type_script = "uid://c786nbmcn6vxf"

[node name="CollisionShape3D" type="CollisionShape3D" parent="DialogueTriggers/GetUpDialogue"]
transform = Transform3D(1, 0, 0, 0, 1, 0, 0, 0, 1, -0.30377746, 0, 0.31805095)
shape = SubResource("SphereShape3D_tao4m")

[node name="PickupDialogue" type="Area3D" parent="DialogueTriggers"]
transform = Transform3D(1, 0, 0, 0, 1, 0, 0, 0, 1, -0.5379003, -2.3841858e-07, -3.1920846)
collision_mask = 3
script = ExtResource("14_cya5t")
dialogue_text = "In case it slipped your mind, buddy, holding/R2/L2 will hold those grabbers out towards that beer for us."
metadata/_custom_type_script = "uid://c786nbmcn6vxf"

[node name="CollisionShape3D" type="CollisionShape3D" parent="DialogueTriggers/PickupDialogue"]
shape = SubResource("SphereShape3D_tao4m")

[node name="StayDrunkDialogue" type="Area3D" parent="DialogueTriggers"]
collision_mask = 3
script = ExtResource("14_cya5t")
dialogue_text = "Im gonna need you to keep those coming buddy"
metadata/_custom_type_script = "uid://c786nbmcn6vxf"

[node name="CollisionShape3D" type="CollisionShape3D" parent="DialogueTriggers/StayDrunkDialogue"]
transform = Transform3D(1, 0, 0, 0, 1, 0, 0, 0, 1, -0.37203264, 9.536743e-07, -6.5758615)
shape = SubResource("BoxShape3D_jaoye")

[node name="FridgeDialogue" type="Area3D" parent="DialogueTriggers"]
transform = Transform3D(1, 0, 0, 0, 1, 0, 0, 0, 1, 1.1282852, 2.3416119, -10.692936)
collision_mask = 3
script = ExtResource("14_cya5t")
dialogue_text = "You know where all that beer comes from? The fridge, buddy. Gotta make it to the fridge..."
metadata/_custom_type_script = "uid://c786nbmcn6vxf"

[node name="CollisionShape3D" type="CollisionShape3D" parent="DialogueTriggers/FridgeDialogue"]
transform = Transform3D(1, 0, 0, 0, 1, 0, 0, 0, 1, -0.37203264, 9.536743e-07, -6.5758615)
shape = SubResource("BoxShape3D_jaoye")

[node name="MeshInstance3D" type="MeshInstance3D" parent="."]
transform = Transform3D(6.732938, 0, 0, 0, 5.85737, 0, 0, 0, 1, 0, 0.27074838, -24.696083)
material_override = SubResource("StandardMaterial3D_cya5t")
mesh = SubResource("BoxMesh_tao4m")

[node name="MeshInstance3D2" type="MeshInstance3D" parent="."]
transform = Transform3D(2.9456263, 0, 0, 0, 3.352208, 0, 0, 0, 1, 4.175971, 2.108094, -23.526175)
material_override = SubResource("StandardMaterial3D_cya5t")
mesh = SubResource("BoxMesh_tao4m")

[node name="window1" parent="." instance=ExtResource("15_tao4m")]
transform = Transform3D(1.4443672, 0, 0, 0, 1.2389587, 0, 0, 0, 1.4443672, 3.9466667, 2.5330787, -22.913568)

[node name="HelperCollisionShapes" type="Node3D" parent="."]

[node name="Stone1" type="StaticBody3D" parent="HelperCollisionShapes"]
collision_layer = 256
collision_mask = 0

[node name="CollisionShape3D" type="CollisionShape3D" parent="HelperCollisionShapes/Stone1"]
transform = Transform3D(0.5962206, 0, 0.71510434, 0, 1, 0, -0.51828665, 0, 0.8226335, 3.61, 0.08, -7.195)
shape = SubResource("CylinderShape3D_tao4m")
