[gd_scene load_steps=51 format=3 uid="uid://cfeukfanfm516"]

[ext_resource type="Script" uid="uid://cm1uqdo37kpmi" path="res://Gameplay/LogicObjects/player_spawner.gd" id="1_2o66m"]
[ext_resource type="Material" uid="uid://d4j1l3yoxm3xy" path="res://Assets/Materials/purple_carpet.tres" id="2_4djw3"]
[ext_resource type="PackedScene" uid="uid://0citmm75hpfv" path="res://Objects/Architypes/Furniture/couch4.tscn" id="2_fgeje"]
[ext_resource type="PackedScene" uid="uid://fhev4d48q1qy" path="res://Objects/Architypes/LivingRoom/stairs_wide.tscn" id="3_cc2k6"]
[ext_resource type="PackedScene" uid="uid://cdrpgw2um6m6i" path="res://Objects/safety_plane.tscn" id="4_1c67v"]
[ext_resource type="Material" uid="uid://c20xc8e5t6yna" path="res://Assets/Materials/creme_carpet.tres" id="4_fgeje"]
[ext_resource type="PackedScene" uid="uid://dci81bvxxl4nx" path="res://Objects/Architypes/LivingRoom/stairs_thin.tscn" id="5_bnuft"]
[ext_resource type="Material" uid="uid://dmxe2qlk68jn" path="res://Assets/Materials/reddish_floral_wall.tres" id="5_ue5od"]
[ext_resource type="Material" uid="uid://l1sgod1lv1b6" path="res://Assets/Materials/yellow_floral_wall.tres" id="7_01tvo"]
[ext_resource type="Material" uid="uid://b23iqfg3em6ty" path="res://Assets/Materials/wooden_wall.tres" id="8_lnhaw"]
[ext_resource type="PackedScene" uid="uid://c0d87wbdbi2al" path="res://Objects/Architypes/Furniture/couch1.tscn" id="9_erixm"]
[ext_resource type="PackedScene" uid="uid://d62n5s8htyn7" path="res://Characters/Teens/logic/TeenStanding.tscn" id="11_kps16"]
[ext_resource type="PackedScene" uid="uid://cugf77dasisxg" path="res://Objects/Architypes/Furniture/couch3.tscn" id="12_fgeje"]
[ext_resource type="PackedScene" uid="uid://cs4digbuoekpl" path="res://Objects/Architypes/Furniture/shelf2.tscn" id="13_ue5od"]
[ext_resource type="PackedScene" uid="uid://j1b5yvs8pnux" path="res://Objects/Architypes/Furniture/table_round1.tscn" id="14_cw4i2"]
[ext_resource type="PackedScene" uid="uid://d3unw205fanv5" path="res://Objects/Loot/pickup_beer.tscn" id="16_2fwea"]
[ext_resource type="PackedScene" uid="uid://tca4a42pryu5" path="res://Objects/Architypes/Hurtiture/hurtitire_cactus.tscn" id="17_7j1i3"]
[ext_resource type="PackedScene" uid="uid://3kn1j5376oof" path="res://Objects/Architypes/Furniture/table2.tscn" id="18_1c67v"]
[ext_resource type="PackedScene" uid="uid://cold18jtw7ak0" path="res://Objects/Architypes/TrippingHazards/slippery_banana_peel.tscn" id="19_f5grc"]
[ext_resource type="PackedScene" uid="uid://d2fq258dik5oo" path="res://Objects/Architypes/Furniture/table1.tscn" id="21_vrn81"]
[ext_resource type="PackedScene" uid="uid://bwm23c42sbbui" path="res://Objects/Architypes/Props/lamp_table1.tscn" id="22_kps16"]
[ext_resource type="PackedScene" uid="uid://xu48fxr0n02f" path="res://Objects/Architypes/Props/pizza_box.tscn" id="22_s2djd"]
[ext_resource type="PackedScene" uid="uid://cbj1xsvngkbla" path="res://Assets/LivingRoom/door_closed.gltf" id="23_4djw3"]
[ext_resource type="PackedScene" uid="uid://c5gvg6210vgku" path="res://Objects/Architypes/LivingRoom/door.tscn" id="23_ur1xt"]
[ext_resource type="PackedScene" uid="uid://d3padysgagsbx" path="res://Objects/Architypes/TrippingHazards/tripping_rug.tscn" id="24_2o66m"]
[ext_resource type="PackedScene" uid="uid://d24k31i312cc1" path="res://Objects/Architypes/Props/lamp_standing1.tscn" id="24_77x17"]
[ext_resource type="PackedScene" uid="uid://bl2s2scly01yo" path="res://Objects/Architypes/Props/full_pizza.tscn" id="24_536uo"]
[ext_resource type="PackedScene" uid="uid://c3exm36djed3o" path="res://Assets/Furniture/window_1_curtain.gltf" id="25_77x17"]
[ext_resource type="PackedScene" uid="uid://k0584mty7u68" path="res://Assets/LivingRoom/door_sides.gltf" id="26_cc2k6"]
[ext_resource type="PackedScene" uid="uid://c50jjcmdyr7vp" path="res://Objects/Loot/pickup_beer_cup.tscn" id="27_7j1i3"]
[ext_resource type="PackedScene" uid="uid://ctkeed4oy5kjx" path="res://Objects/Loot/pickup_beer_bottle.tscn" id="27_goae5"]
[ext_resource type="PackedScene" uid="uid://cri5otcpu2ukq" path="res://Assets/Furniture/frame1.gltf" id="27_ue5od"]
[ext_resource type="PackedScene" uid="uid://dbq7uwav6hvyw" path="res://Assets/Props/beer_bottle.gltf" id="28_bnuft"]
[ext_resource type="PackedScene" uid="uid://druufnhmbc0et" path="res://Assets/Props/beer_bottle_broken.gltf" id="29_reig3"]
[ext_resource type="PackedScene" uid="uid://b2rny3w0qdj7n" path="res://Assets/Props/beer_can_broken.gltf" id="31_erixm"]
[ext_resource type="PackedScene" uid="uid://dsxj8qcelbum7" path="res://Assets/Props/beer_cup_broken.gltf" id="32_yjeba"]
[ext_resource type="PackedScene" uid="uid://l4nbchy8y1g1" path="res://Objects/Architypes/Props/flowers1.tscn" id="34_fgeje"]
[ext_resource type="PackedScene" uid="uid://b0thpqx788jgo" path="res://Assets/Furniture/rug_black_flora.gltf" id="36_ue5od"]
[ext_resource type="PackedScene" uid="uid://duj1jw0lqr015" path="res://Objects/Architypes/Props/chair1.tscn" id="37_cw4i2"]
[ext_resource type="PackedScene" uid="uid://dq8pax2pwl72a" path="res://Objects/Architypes/Props/plant_algae1.tscn" id="38_qf2l2"]
[ext_resource type="PackedScene" uid="uid://djvhkhmcy0tn5" path="res://Shaders/shader_caching_onpath.tscn" id="40_7j1i3"]

[sub_resource type="Environment" id="Environment_4djw3"]
background_mode = 1
background_color = Color(0.12377941, 0.02630723, 0.1110122, 1)
ambient_light_source = 2
ambient_light_color = Color(0.14500022, 0.100000024, 1, 1)
ambient_light_energy = 4.36
tonemap_mode = 2
fog_mode = 1
fog_light_color = Color(0.47577327, 0.22065556, 0.47546333, 1)
fog_light_energy = 1.9
fog_density = 1.0
fog_height_density = 0.0266
fog_depth_begin = 12.0

[sub_resource type="StandardMaterial3D" id="StandardMaterial3D_2o66m"]
shading_mode = 0
diffuse_mode = 3
albedo_color = Color(0.1254902, 0.02745098, 0.10980392, 1)

[sub_resource type="PlaneMesh" id="PlaneMesh_77x17"]

[sub_resource type="BoxShape3D" id="BoxShape3D_2o66m"]
size = Vector3(11.549093, 4.1967773, 0.17675781)

[sub_resource type="BoxShape3D" id="BoxShape3D_ue5od"]
size = Vector3(2.920166, 4.1967773, 0.17675781)

[sub_resource type="BoxShape3D" id="BoxShape3D_77x17"]
size = Vector3(1.5321045, 4.1967773, 0.17675781)

[sub_resource type="BoxShape3D" id="BoxShape3D_0iqmc"]
size = Vector3(9.023521, 4.1967773, 0.17675781)

[sub_resource type="BoxShape3D" id="BoxShape3D_4djw3"]
size = Vector3(16.714428, 4.1967773, 0.17675781)

[sub_resource type="Curve3D" id="Curve3D_1c67v"]
bake_interval = 1.0
_data = {
"points": PackedVector3Array(0, 0, 0, 0, 0, 0, 2.863411, 0, -3.1529093, 0, 0, 0, 0, 0, 0, 15.678368, 0, 0.253129, 0, 0, 0, 0, 0, 0, 17.696892, 0, -12.947807, 0, 0, 0, 0, 0, 0, 27.311192, 0, -0.50012016, 0, 0, 0, 0, 0, 0, 38.642197, 0, -6.77347, 0, 0, 0, 0, 0, 0, 34.028088, 0, -13.477076),
"tilts": PackedFloat32Array(0, 0, 0, 0, 0, 0)
}
point_count = 6

[node name="Node3D2" type="Node3D"]

[node name="PlayerSpawnPoint" type="Node3D" parent="."]
script = ExtResource("1_2o66m")
metadata/_custom_type_script = "uid://cm1uqdo37kpmi"

[node name="FinalDoor" parent="." instance=ExtResource("23_ur1xt")]
transform = Transform3D(1, 0, 0, 0, 1, 0, 0, 0, 1, -30.092375, -0.020135641, 13.78611)
wall_material = ExtResource("5_ue5od")

[node name="SafetyPlane" parent="." instance=ExtResource("4_1c67v")]
transform = Transform3D(1, 0, 0, 0, 1, 0, 0, 0, 1, -9.576897, -1.6660763, 16.42501)

[node name="WorldEnvironment" type="WorldEnvironment" parent="."]
environment = SubResource("Environment_4djw3")

[node name="DirectionalLight3D" type="DirectionalLight3D" parent="WorldEnvironment"]
transform = Transform3D(0.71308756, -0.54294705, 0.4435255, -0.47738802, 0.087258585, 0.8743493, -0.5134268, -0.83522123, -0.19697347, 4.086207, 1.8965802, 0.23615861)
light_color = Color(1.8933368, 0.94871664, 0.17584555, 1)
light_energy = 0.46
light_indirect_energy = 1.804
shadow_opacity = 0.5

[node name="MeshInstance3D" type="MeshInstance3D" parent="WorldEnvironment"]
transform = Transform3D(81.41497, 0, 0, 0, 1, 0, 0, 0, 74.872604, 13.908428, -1.2330682, -21.465534)
material_override = SubResource("StandardMaterial3D_2o66m")
mesh = SubResource("PlaneMesh_77x17")

[node name="SpotLight3D" type="SpotLight3D" parent="WorldEnvironment"]
transform = Transform3D(-0.4260565, 0.904666, 0.0074343015, 0.7692893, 0.35795128, 0.5292116, 0.47609863, 0.23119316, -0.84845734, 0.054692447, 4.387134, -1.1342432)
light_color = Color(0.9999996, 0.60285485, 0.55966336, 1)
light_energy = 13.117
shadow_enabled = true
shadow_bias = 0.499
shadow_normal_bias = 0.346
spot_range = 24.938
spot_angle = 41.1

[node name="SpotLight3D2" type="SpotLight3D" parent="WorldEnvironment"]
transform = Transform3D(-0.43608856, 0.89954287, 0.025482632, 0.7692893, 0.35795128, 0.5292116, 0.46692696, 0.25038663, -0.84810716, 5.3060865, 4.387134, 6.278126)
light_color = Color(0.9999996, 0.60285485, 0.55966336, 1)
light_energy = 13.117
shadow_enabled = true
shadow_bias = 0.499
shadow_normal_bias = 0.346
spot_range = 24.938
spot_angle = 41.104908

[node name="SpotLight3D3" type="SpotLight3D" parent="WorldEnvironment"]
transform = Transform3D(-0.49911964, 0.8537914, 0.1480536, 0.7692893, 0.3579513, 0.5292116, 0.3988403, 0.37803593, -0.83547306, -9.696161, 4.3042197, 4.9325886)
light_color = Color(0.9999996, 0.60285485, 0.55966336, 1)
light_energy = 13.117
shadow_enabled = true
shadow_bias = 0.499
shadow_normal_bias = 0.346
spot_range = 24.938
spot_angle = 41.104908

[node name="SpotLight3D4" type="SpotLight3D" parent="WorldEnvironment"]
transform = Transform3D(0.6682491, 0.06883378, -0.7407464, 0.6785964, 0.35165787, 0.64485955, 0.3048774, -0.93359447, 0.1882847, -18.197443, 4.304219, 8.352277)
light_color = Color(0.9999996, 0.60285485, 0.55966336, 1)
light_energy = 8.042
shadow_enabled = true
shadow_bias = 0.499
shadow_normal_bias = 0.346
spot_range = 9.632
spot_angle = 47.91

[node name="SpotLight3D5" type="SpotLight3D" parent="WorldEnvironment"]
transform = Transform3D(-0.4476307, 0.89406615, -0.016507236, 0.7190812, 0.37087178, 0.5876872, 0.5315534, 0.2511968, -0.8089199, -16.170198, 4.304219, -1.7324207)
light_color = Color(0.9999996, 0.60285485, 0.55966336, 1)
light_energy = 9.802
shadow_enabled = true
shadow_bias = 0.499
shadow_normal_bias = 0.346
spot_range = 9.86
spot_angle = 41.104908

[node name="SpotLight3D7" type="SpotLight3D" parent="WorldEnvironment"]
transform = Transform3D(0.14581893, 0.31013146, -0.9394442, 0.7796694, 0.5485033, 0.30209216, 0.6089765, -0.7765068, -0.16181794, -30.360353, 2.9239445, 13.562332)
light_color = Color(0.9999996, 0.60285485, 0.55966336, 1)
light_energy = 1.889
shadow_enabled = true
shadow_bias = 0.58
shadow_normal_bias = 0.634
spot_range = 16.93
spot_angle = 49.71

[node name="SpotLight3D6" type="SpotLight3D" parent="WorldEnvironment"]
transform = Transform3D(-0.44763067, 0.8940662, -0.016507179, 0.74698937, 0.38401413, 0.54271567, 0.49156266, 0.23060544, -0.8397544, -24.385412, 2.4536, 7.688814)
light_color = Color(0.9999996, 0.60285485, 0.55966336, 1)
light_energy = 13.117
shadow_enabled = true
shadow_bias = 0.499
shadow_normal_bias = 0.346
spot_range = 7.369
spot_angle = 34.41

[node name="Layout" type="Node3D" parent="."]
transform = Transform3D(1, 0, 0, 0, 1, 0, 0, 0, 1, 20.084337, 0, 5.504731)

[node name="Floor" type="Node3D" parent="Layout"]

[node name="CSGBox3D5" type="CSGBox3D" parent="Layout/Floor"]
transform = Transform3D(1, 0, 0, 0, 1, 0, 0, 0, 1, -20.16065, -0.5000005, -1.4125817)
material_override = ExtResource("2_4djw3")
use_collision = true
collision_layer = 65
size = Vector3(3.1466846, 1, 10.9549465)

[node name="CSGBox3D11" type="CSGBox3D" parent="Layout/Floor"]
transform = Transform3D(1, 0, 0, 0, 1, 0, 0, 0, 1, -14.768299, -0.5000005, 1.08671)
material_override = ExtResource("2_4djw3")
use_collision = true
collision_layer = 65
size = Vector3(2.2213635, 1, 6.1083384)

[node name="CSGBox3D12" type="CSGBox3D" parent="Layout/Floor"]
transform = Transform3D(1, 0, 0, 0, 1, 0, 0, 0, 1, -33.070377, -0.11989045, 4.992546)
material_override = ExtResource("2_4djw3")
use_collision = true
collision_layer = 65
size = Vector3(2.1795473, 1.8125, 6.732542)

[node name="CSGBox3D13" type="CSGBox3D" parent="Layout/Floor"]
transform = Transform3D(1, 0, 0, 0, 1, 0, 0, 0, 1, -31.38733, -0.11989045, 1.913259)
material_override = ExtResource("2_4djw3")
use_collision = true
collision_layer = 65
size = Vector3(2.0639288, 1.8125, 2.1426382)

[node name="CSGBox3D6" type="CSGBox3D" parent="Layout/Floor"]
transform = Transform3D(1, 0, 0, 0, 1, 0, 0, 0, 1, -19.347761, -0.49999952, 5.4253187)
material_override = ExtResource("2_4djw3")
use_collision = true
collision_layer = 65
size = Vector3(11.566525, 1, 2.8539395)

[node name="CSGBox3D7" type="CSGBox3D" parent="Layout/Floor"]
transform = Transform3D(1, 0, 0, 0, 1, 0, 0, 0, 1, -29.565016, -0.49999952, 6.175701)
material_override = ExtResource("2_4djw3")
use_collision = true
collision_layer = 65
size = Vector3(8.904722, 1, 4.354704)

[node name="CSGBox3D2" type="CSGBox3D" parent="Layout/Floor"]
transform = Transform3D(1, 0, 0, 0, 1, 0, 0, 0, 1, -36.172855, -0.49079907, -5.621541)
material_override = ExtResource("4_fgeje")
use_collision = true
collision_layer = 65
size = Vector3(2.8804932, 1, 6.076872)

[node name="CSGBox3D3" type="CSGBox3D" parent="Layout/Floor"]
transform = Transform3D(1, 0, 0, 0, 1, 0, 0, 0, 1, -28.849588, -0.5080285, 0.8686209)
material_override = ExtResource("2_4djw3")
use_collision = true
collision_layer = 65
size = Vector3(3.0776367, 1, 6.399886)

[node name="CSGBox3D4" type="CSGBox3D" parent="Layout/Floor"]
transform = Transform3D(1, 0, 0, 0, 1, 0, 0, 0, 1, -44.389877, -0.4959283, 4.772317)
material_override = ExtResource("4_fgeje")
use_collision = true
collision_layer = 65
size = Vector3(3.2197266, 1, 3.9422605)

[node name="CSGBox3D18" type="CSGBox3D" parent="Layout/Floor"]
transform = Transform3D(-4.371139e-08, 0, -1, 0, 1, 0, 1, 0, -4.371139e-08, -36.36667, -0.8340354, -1.4285517)
material_override = ExtResource("4_fgeje")
use_collision = true
collision_layer = 65
size = Vector3(2.6611044, 1.6993408, 4.5250435)

[node name="CSGBox3D22" type="CSGBox3D" parent="Layout/Floor"]
transform = Transform3D(-4.371139e-08, 0, -1, 0, 1, 0, 1, 0, -4.371139e-08, -48.75611, -0.8386445, 7.7960033)
material_override = ExtResource("4_fgeje")
use_collision = true
collision_layer = 65
size = Vector3(3.3783193, 1.6992188, 13.594797)

[node name="CSGBox3D23" type="CSGBox3D" parent="Layout/Floor"]
transform = Transform3D(-4.371139e-08, 0, -1, 0, 1, 0, 1, 0, -4.371139e-08, -38.00184, -0.8386445, 7.7960033)
material_override = ExtResource("4_fgeje")
use_collision = true
collision_layer = 65
size = Vector3(3.3783193, 1.6992188, 8.120763)

[node name="CSGBox3D14" type="CSGBox3D" parent="Layout/Floor"]
transform = Transform3D(-4.371139e-08, 0, -1, 0, 1, 0, 1, 0, -4.371139e-08, -37.21398, -1.8242506, 3.624937)
material_override = ExtResource("4_fgeje")
use_collision = true
collision_layer = 65
size = Vector3(4.4534225, 1.6992188, 2.786265)

[node name="Walls" type="Node3D" parent="Layout"]

[node name="CSG_WoodenlWall2" type="CSGBox3D" parent="Layout/Walls"]
transform = Transform3D(1, 0, 0, 0, 1, 0, 0, 0, 1, -34.801224, 2.0720854, -5.2006283)
material_override = ExtResource("5_ue5od")
use_collision = true
size = Vector3(0.2, 4.1826487, 4.8571343)

[node name="CSG_WoodenlWall3" type="CSGBox3D" parent="Layout/Walls"]
transform = Transform3D(1, 0, 0, 0, 1, 0, 0, 0, 1, -37.76086, 2.0720854, -5.22278)
material_override = ExtResource("5_ue5od")
use_collision = true
size = Vector3(0.2, 4.1826487, 4.901437)

[node name="CSG_WoodenlWall4" type="CSGBox3D" parent="Layout/Walls"]
transform = Transform3D(1, 0, 0, 0, 1, 0, 0, 0, 1, -27.336184, 2.0856593, 1.4106894)
material_override = ExtResource("7_01tvo")
use_collision = true
size = Vector3(0.2, 4.1826487, 4.937535)

[node name="CSG_WoodenlWall9" type="CSGBox3D" parent="Layout/Walls"]
transform = Transform3D(1, 0, 0, 0, 1, 0, 0, 0, 1, -45.96267, 2.0977595, 4.8112783)
material_override = ExtResource("5_ue5od")
use_collision = true
size = Vector3(0.2, 4.1826487, 3.6401453)

[node name="CSG_WoodenlWall5" type="CSGBox3D" parent="Layout/Walls"]
transform = Transform3D(1, 0, 0, 0, 1, 0, 0, 0, 1, -30.239729, 2.0856593, 0.7000418)
material_override = ExtResource("7_01tvo")
use_collision = true
size = Vector3(0.2, 4.1826487, 3.3072553)

[node name="CSG_YellowlWall11" type="CSGBox3D" parent="Layout/Walls"]
transform = Transform3D(-4.371139e-08, 0, -1, 0, 1, 0, 1, 0, -4.371139e-08, -24.508373, 2.055442, 3.9435363)
material_override = ExtResource("7_01tvo")
use_collision = true
size = Vector3(0.2, 4.2669225, 5.929716)

[node name="CSG_YellowlWall15" type="CSGBox3D" parent="Layout/Walls"]
transform = Transform3D(-4.371139e-08, 0, -1, 0, 1, 0, 1, 0, -4.371139e-08, -40.733772, 2.055442, 6.6067142)
material_override = ExtResource("5_ue5od")
use_collision = true
size = Vector3(0.2, 4.2669225, 4.4055214)

[node name="CSG_YellowlWall25" type="CSGBox3D" parent="Layout/Walls"]
transform = Transform3D(-4.371139e-08, 0, -1, 0, 1, 0, 1, 0, -4.371139e-08, -32.115387, 2.055442, 2.293603)
material_override = ExtResource("7_01tvo")
use_collision = true
size = Vector3(0.2, 4.2669225, 3.9587793)

[node name="CSG_YellowlWall12" type="CSGBox3D" parent="Layout/Walls"]
transform = Transform3D(-4.371139e-08, 0, -1, 0, 1, 0, 1, 0, -4.371139e-08, -17.191824, 2.055442, 3.9435363)
material_override = ExtResource("7_01tvo")
use_collision = true
size = Vector3(0.2, 4.2669225, 2.972441)

[node name="CSG_YellowlWall26" type="CSGBox3D" parent="Layout/Walls"]
transform = Transform3D(-4.371139e-08, 0, -1, 0, 1, 0, 1, 0, -4.371139e-08, -19.352015, 0.025170505, 6.7510614)
material_override = ExtResource("7_01tvo")
use_collision = true
size = Vector3(0.2, 0.20637906, 11.501045)

[node name="CSG_YellowlWall28" type="CSGBox3D" parent="Layout/Walls"]
transform = Transform3D(-4.371139e-08, 0, -1, 0, 1, 0, 1, 0, -4.371139e-08, -28.721317, 0.025170505, 8.24605)
material_override = ExtResource("7_01tvo")
use_collision = true
size = Vector3(0.2, 0.20637906, 7.211931)

[node name="CSG_YellowlWall30" type="CSGBox3D" parent="Layout/Walls"]
transform = Transform3D(-4.371139e-08, 0, -1, 0, 1, 0, 1, 0, -4.371139e-08, -32.934, 0.41188172, 8.24605)
material_override = ExtResource("7_01tvo")
use_collision = true
size = Vector3(0.2, 0.9606114, 2.1530151)

[node name="CSG_YellowlWall29" type="CSGBox3D" parent="Layout/Walls"]
transform = Transform3D(1, 0, 0, 0, 1, 0, 0, 0, 1, -25.21439, 0.025170743, 7.499981)
material_override = ExtResource("7_01tvo")
use_collision = true
size = Vector3(0.2, 0.20637906, 1.6875916)

[node name="CSG_YellowlWall8" type="CSGBox3D" parent="Layout/Walls"]
transform = Transform3D(-4.371139e-08, 0, -1, 0, 1, 0, 1, 0, -4.371139e-08, -44.800575, 1.6762302, 4.9520884)
material_override = ExtResource("8_lnhaw")
use_collision = true
size = Vector3(0.2, 3.490883, 0.28125)

[node name="CSG_YellowlWall9" type="CSGBox3D" parent="Layout/Walls"]
transform = Transform3D(-4.371139e-08, 0, -1, 0, 1, 0, 1, 0, -4.371139e-08, -45.332542, 1.6762302, 4.9520884)
material_override = ExtResource("8_lnhaw")
use_collision = true
size = Vector3(0.2, 3.490883, 0.2421875)

[node name="CSG_YellowlWall37" type="CSGBox3D" parent="Layout/Walls"]
transform = Transform3D(-4.371139e-08, 0, -1, 0, 1, 0, 1, 0, -4.371139e-08, -44.296394, 1.6762302, 4.9520884)
material_override = ExtResource("8_lnhaw")
use_collision = true
size = Vector3(0.2, 3.490883, 0.2421875)

[node name="CSG_YellowlWall38" type="CSGBox3D" parent="Layout/Walls"]
transform = Transform3D(-4.371139e-08, 0, -1, 0, 1, 0, 1, 0, -4.371139e-08, -43.775436, 1.6762302, 4.9520884)
material_override = ExtResource("8_lnhaw")
use_collision = true
size = Vector3(0.2, 3.490883, 0.2421875)

[node name="CSG_YellowlWall39" type="CSGBox3D" parent="Layout/Walls"]
transform = Transform3D(-4.371139e-08, 0, -1, 0, 1, 0, 1, 0, -4.371139e-08, -43.243786, 1.6762302, 4.9520884)
material_override = ExtResource("8_lnhaw")
use_collision = true
size = Vector3(0.2, 3.490883, 0.2421875)

[node name="CSG_YellowlWall14" type="CSGBox3D" parent="Layout/Walls"]
transform = Transform3D(1.07582245e-08, -0.9692395, 0.2461195, -4.2366803e-08, -0.2461195, -0.9692395, 1, 0, -4.371139e-08, -44.428654, 1.4221504, 4.8114443)
material_override = ExtResource("8_lnhaw")
use_collision = true
size = Vector3(0.2, 3.490883, 0.17480469)

[node name="CSG_YellowlWall17" type="CSGBox3D" parent="Layout/Walls"]
transform = Transform3D(-7.907249e-09, -0.9835021, -0.18089676, -4.299024e-08, 0.18089676, -0.9835021, 1, 0, -4.371139e-08, -44.428654, 2.4151828, 4.8114443)
material_override = ExtResource("8_lnhaw")
use_collision = true
size = Vector3(0.2, 3.490883, 0.21972656)

[node name="CSG_YellowlWall4" type="CSGBox3D" parent="Layout/Walls"]
transform = Transform3D(-4.371139e-08, 0, -1, 0, 1, 0, 1, 0, -4.371139e-08, -37.33948, 2.0908809, -7.565796)
material_override = ExtResource("5_ue5od")
use_collision = true
size = Vector3(0.2, 4.2202463, 0.63703346)

[node name="CSG_YellowlWall19" type="CSGBox3D" parent="Layout/Walls"]
transform = Transform3D(-4.371139e-08, 0, -1, 0, 1, 0, 1, 0, -4.371139e-08, -35.019573, 2.0908809, -7.565796)
material_override = ExtResource("5_ue5od")
use_collision = true
size = Vector3(0.2, 4.2202463, 0.63703346)

[node name="CSG_YellowlWall27" type="CSGBox3D" parent="Layout/Walls"]
transform = Transform3D(-4.371139e-08, 0, -1, 0, 1, 0, 1, 0, -4.371139e-08, -36.10287, 3.7602005, -7.565796)
material_override = ExtResource("5_ue5od")
use_collision = true
size = Vector3(0.2, 0.88160753, 1.8564453)

[node name="CSG_YellowlWall5" type="CSGBox3D" parent="Layout/Walls"]
transform = Transform3D(-4.371139e-08, 0, -1, 0, 1, 0, 1, 0, -4.371139e-08, -29.93249, 2.1044548, -0.914279)
material_override = ExtResource("7_01tvo")
use_collision = true
size = Vector3(0.2, 4.2202463, 0.63703346)

[node name="CSG_YellowlWall31" type="CSGBox3D" parent="Layout/Walls"]
transform = Transform3D(-4.371139e-08, 0, -1, 0, 1, 0, 1, 0, -4.371139e-08, -27.612583, 2.1044548, -0.914279)
material_override = ExtResource("7_01tvo")
use_collision = true
size = Vector3(0.2, 4.2202463, 0.63703346)

[node name="CSG_YellowlWall32" type="CSGBox3D" parent="Layout/Walls"]
transform = Transform3D(-4.371139e-08, 0, -1, 0, 1, 0, 1, 0, -4.371139e-08, -28.69588, 3.7737744, -0.914279)
material_override = ExtResource("7_01tvo")
use_collision = true
size = Vector3(0.2, 0.88160753, 1.8564453)

[node name="CSG_YellowlWall6" type="CSGBox3D" parent="Layout/Walls"]
transform = Transform3D(-4.371139e-08, 0, -1, 0, 1, 0, 1, 0, -4.371139e-08, -45.552773, 2.116555, 3.0887709)
material_override = ExtResource("5_ue5od")
use_collision = true
size = Vector3(0.2, 4.2202463, 0.8545275)

[node name="CSG_YellowlWall33" type="CSGBox3D" parent="Layout/Walls"]
transform = Transform3D(-4.371139e-08, 0, -1, 0, 1, 0, 1, 0, -4.371139e-08, -43.124123, 2.116555, 3.0887709)
material_override = ExtResource("5_ue5od")
use_collision = true
size = Vector3(0.2, 4.2202463, 0.63703346)

[node name="CSG_YellowlWall18" type="CSGBox3D" parent="Layout/Walls"]
transform = Transform3D(1, 0, 0, 0, 1, 0, 0, 0, 1, -50.655632, 2.1151364, 9.2851)
material_override = ExtResource("5_ue5od")
use_collision = true
size = Vector3(0.2, 4.2202463, 0.39307523)

[node name="CSG_YellowlWall21" type="CSGBox3D" parent="Layout/Walls"]
transform = Transform3D(1, 0, 0, 0, 1, 0, 0, 0, 1, -50.655632, 3.7692926, 8.242814)
material_override = ExtResource("5_ue5od")
use_collision = true
size = Vector3(0.2, 0.91193414, 1.7900391)

[node name="CSG_YellowlWall35" type="CSGBox3D" parent="Layout/Walls"]
transform = Transform3D(1, 0, 0, 0, 1, 0, 0, 0, 1, -50.655632, 2.1151364, 6.9944773)
material_override = ExtResource("5_ue5od")
use_collision = true
size = Vector3(0.2, 4.2202463, 0.822423)

[node name="CSG_YellowlWall34" type="CSGBox3D" parent="Layout/Walls"]
transform = Transform3D(-4.371139e-08, 0, -1, 0, 1, 0, 1, 0, -4.371139e-08, -44.207417, 3.7858746, 3.0887709)
material_override = ExtResource("5_ue5od")
use_collision = true
size = Vector3(0.2, 0.88160753, 1.8564453)

[node name="CSG_YellowlWall36" type="CSGBox3D" parent="Layout/Walls"]
transform = Transform3D(-4.371139e-08, 0, -1, 0, 1, 0, 1, 0, -4.371139e-08, -20.075466, 2.0852838, -6.7332344)
material_override = ExtResource("8_lnhaw")
use_collision = true
size = Vector3(0.2, 4.1925745, 3.1795087)

[node name="CSG_WoodenlWall6" type="CSGBox3D" parent="Layout/Walls"]
transform = Transform3D(1, 0, 0, 0, 1, 0, 0, 0, 1, -42.842148, 2.0977595, 4.7709227)
material_override = ExtResource("5_ue5od")
use_collision = true
size = Vector3(0.2, 4.1826487, 3.5668378)

[node name="CSG_WoodenlWall17" type="CSGBox3D" parent="Layout/Walls"]
transform = Transform3D(-4.371139e-08, 0, 1, 0, 1, 0, -1, 0, -4.371139e-08, -48.23383, 2.096341, 6.6778193)
material_override = ExtResource("5_ue5od")
use_collision = true
size = Vector3(0.2, 4.1826487, 4.7896442)

[node name="CSG_WoodenlWall19" type="CSGBox3D" parent="Layout/Walls"]
transform = Transform3D(-4.371139e-08, 0, 1, 0, 1, 0, -1, 0, -4.371139e-08, -42.36579, 0.09848574, 9.393856)
material_override = ExtResource("5_ue5od")
use_collision = true
size = Vector3(0.2, 0.18693739, 16.479092)

[node name="CSG_WoodenlWall20" type="CSGBox3D" parent="Layout/Walls"]
transform = Transform3D(-4.371139e-08, 0, 1, 0, 1, 0, -1, 0, -4.371139e-08, -53.01538, 2.1036978, 9.393856)
material_override = ExtResource("5_ue5od")
use_collision = true
size = Vector3(0.2, 4.197361, 4.9133124)

[node name="CSG_WoodenlWall8" type="CSGBox3D" parent="Layout/Walls"]
transform = Transform3D(1, 0, 0, 0, 1, 0, 0, 0, 1, -18.581806, 2.088951, -1.3360859)
material_override = ExtResource("8_lnhaw")
use_collision = true
size = Vector3(0.2, 4.1826487, 10.641357)

[node name="CSG_WoodenlWall10" type="CSGBox3D" parent="Layout/Walls"]
transform = Transform3D(1, 0, 0, 0, 1, 0, 0, 0, 1, -13.59169, 2.088951, 3.4397984)
material_override = ExtResource("7_01tvo")
use_collision = true
size = Vector3(0.2, 4.1826487, 6.853483)

[node name="CSG_WoodenlWall13" type="CSGBox3D" parent="Layout/Walls"]
transform = Transform3D(1, 0, 0, 0, 1, 0, 0, 0, 1, -15.820112, 2.088951, 2.0576296)
material_override = ExtResource("7_01tvo")
use_collision = true
size = Vector3(0.2, 4.1826487, 3.7700791)

[node name="CSG_WoodenlWall7" type="CSGBox3D" parent="Layout/Walls"]
transform = Transform3D(1, 0, 0, 0, 1, 0, 0, 0, 1, -21.632496, 2.088951, -1.3385873)
material_override = ExtResource("8_lnhaw")
use_collision = true
size = Vector3(0.2, 4.1826487, 10.699693)

[node name="CSG_YellowlWall13" type="CSGBox3D" parent="Layout/Walls"]
transform = Transform3D(-4.371139e-08, 0, -1, 0, 1, 0, 1, 0, -4.371139e-08, -14.722862, 3.7089508, 0.10745716)
material_override = ExtResource("7_01tvo")
use_collision = true
size = Vector3(0.2, 1.017838, 2.365427)

[node name="CSG_YellowlWall16" type="CSGBox3D" parent="Layout/Walls"]
transform = Transform3D(-4.371139e-08, 0, -1, 0, 1, 0, 1, 0, -4.371139e-08, -38.17507, 2.0554416, -2.6709096)
material_override = ExtResource("5_ue5od")
use_collision = true
size = Vector3(0.2, 4.2669225, 1.0502515)

[node name="CSG_YellowlWall20" type="CSGBox3D" parent="Layout/Walls"]
transform = Transform3D(-4.371139e-08, 0, -1, 0, 1, 0, 1, 0, -4.371139e-08, -34.587025, 2.0554416, -2.6709096)
material_override = ExtResource("5_ue5od")
use_collision = true
size = Vector3(0.2, 4.2669225, 1.0487866)

[node name="CSG_YellowlWall22" type="CSGBox3D" parent="Layout/Walls"]
transform = Transform3D(1, 0, 0, 0, 1, 0, 0, 0, 1, -38.62677, 1.581594, 2.003168)
material_override = ExtResource("5_ue5od")
use_collision = true
size = Vector3(0.2, 5.201252, 9.356281)

[node name="CSG_YellowlWall23" type="CSGBox3D" parent="Layout/Walls"]
transform = Transform3D(1, 0, 0, 0, 1, 0, 0, 0, 1, -34.09044, 1.581594, 6.9674406)
material_override = ExtResource("7_01tvo")
use_collision = true
size = Vector3(0.2, 5.201252, 5.1391726)

[node name="CSG_YellowlWall24" type="CSGBox3D" parent="Layout/Walls"]
transform = Transform3D(1, 0, 0, 0, 1, 0, 0, 0, 1, -34.049896, 1.7724719, -0.14891624)
material_override = ExtResource("5_ue5od")
use_collision = true
size = Vector3(0.2, 4.819496, 5.052113)

[node name="InvisibleWalls" type="Node3D" parent="Layout"]

[node name="StaticBody3D" type="StaticBody3D" parent="Layout/InvisibleWalls"]
transform = Transform3D(1, 0, 0, 0, 1, 0, 0, 0, 1, -26.916164, 0, 7.1359825)

[node name="CollisionShape3D" type="CollisionShape3D" parent="Layout/InvisibleWalls/StaticBody3D"]
transform = Transform3D(1, 0, 0, 0, 1, 0, 0, 0, 1, 7.558094, 1.5983887, -0.25001907)
shape = SubResource("BoxShape3D_2o66m")

[node name="StaticBody3D5" type="StaticBody3D" parent="Layout/InvisibleWalls"]
transform = Transform3D(1, 0, 0, 0, 1, 0, 0, 0, 1, -28.833504, -4.7683716e-07, 2.2573662)

[node name="CollisionShape3D" type="CollisionShape3D" parent="Layout/InvisibleWalls/StaticBody3D5"]
transform = Transform3D(1, 0, 0, 0, 1, 0, 0, 0, 1, 0.020336151, 1.5983887, 0.03790188)
shape = SubResource("BoxShape3D_ue5od")

[node name="StaticBody3D4" type="StaticBody3D" parent="Layout/InvisibleWalls"]
transform = Transform3D(-4.371139e-08, 0, 1, 0, 1, 0, -1, 0, -4.371139e-08, -25.073435, 0, 7.763295)

[node name="CollisionShape3D" type="CollisionShape3D" parent="Layout/InvisibleWalls/StaticBody3D4"]
transform = Transform3D(1, 0, 0, 0, 1, 0, 0, 0, 1, 0.13689995, 1.5983887, -0.049665928)
shape = SubResource("BoxShape3D_77x17")

[node name="StaticBody3D3" type="StaticBody3D" parent="Layout/InvisibleWalls"]
transform = Transform3D(1, 0, 0, 0, 1, 0, 0, 0, 1, -30.332035, 0, 8.315162)

[node name="CollisionShape3D" type="CollisionShape3D" parent="Layout/InvisibleWalls/StaticBody3D3"]
transform = Transform3D(1, 0, 0, 0, 1, 0, 0, 0, 1, 0.7143326, 1.5983887, 0)
shape = SubResource("BoxShape3D_0iqmc")

[node name="StaticBody3D2" type="StaticBody3D" parent="Layout/InvisibleWalls"]
transform = Transform3D(1, 0, 0, 0, 1, 0, 0, 0, 1, -42.75203, 0, 9.545581)

[node name="CollisionShape3D" type="CollisionShape3D" parent="Layout/InvisibleWalls/StaticBody3D2"]
transform = Transform3D(1, 0, 0, 0, 1, 0, 0, 0, 1, 0.29823494, 1.5983887, 0)
shape = SubResource("BoxShape3D_4djw3")

[node name="Stairs" type="Node3D" parent="Layout"]

[node name="Stairs_wide5" parent="Layout/Stairs" instance=ExtResource("3_cc2k6")]
transform = Transform3D(1, 0, 0, 0, 1, 0, 0, 0, 1, -37.201027, -1.7753317, 0.4024639)
wall_material = ExtResource("5_ue5od")
ground_material = ExtResource("4_fgeje")

[node name="Stairs_wide6" parent="Layout/Stairs" instance=ExtResource("3_cc2k6")]
transform = Transform3D(-1, 0, -8.742277e-08, 0, 1, 0, 8.742277e-08, 0, -1, -37.201027, -1.795634, 5.6113796)
wall_material = ExtResource("5_ue5od")
ground_material = ExtResource("4_fgeje")

[node name="Stairs_thin" parent="Layout/Stairs" instance=ExtResource("5_bnuft")]
transform = Transform3D(1, 0, 0, 0, 1, 0, 0, 0, 1, -31.236559, -1.0046436, 4.893832)
ground_material = ExtResource("2_4djw3")

[node name="Stairs_thin2" parent="Layout/Stairs" instance=ExtResource("5_bnuft")]
transform = Transform3D(1, 0, 0, 0, 1, 0, 0, 0, 1, -34.909035, -1.0046436, 4.893832)
wall_material = ExtResource("5_ue5od")
ground_material = ExtResource("4_fgeje")

[node name="Stairs_thin3" parent="Layout/Stairs" instance=ExtResource("5_bnuft")]
transform = Transform3D(-1, 0, 8.742278e-08, 0, 1, 0, -8.742278e-08, 0, -1, -34.909035, -1.0046436, 0.80475664)
wall_material = ExtResource("5_ue5od")
ground_material = ExtResource("4_fgeje")

[node name="Teens" type="Node3D" parent="."]
transform = Transform3D(1, 0, 0, 0, 1, 0, 0, 0, 1, 20.084337, 0, 5.504731)

[node name="TeenStanding" parent="Teens" instance=ExtResource("11_kps16")]
transform = Transform3D(0.858359, -0.1101757, 0.50108, -0.07622102, 0.93844646, 0.3369103, -0.5073561, -0.3273828, 0.79712623, -29.431719, -0.43078518, 1.0354681)
animation = "SleepCouch1"
pushy = false

[node name="TeenStanding3" parent="Teens" instance=ExtResource("11_kps16")]
transform = Transform3D(-0.6569145, 0.6942551, 0.29406342, 0.015292528, 0.40221104, -0.91541934, -0.7538104, -0.596855, -0.27483517, -29.1998, -0.19961053, 1.6604147)
animation = "HeavyHead"
pushy = false

[node name="TeenStanding4" parent="Teens" instance=ExtResource("11_kps16")]
transform = Transform3D(0.7937677, 0, 0.6082214, 0, 0.9999999, 0, -0.6082215, 0, 0.79376763, -29.525515, 1.033641, 0.14136219)
animation = "Worm"
pushy = false

[node name="TeenStanding5" parent="Teens" instance=ExtResource("11_kps16")]
transform = Transform3D(-0.12299541, 0, 0.99240756, 0, 1, 0, -0.9924076, 0, -0.12299535, -29.07797, -0.0024175644, 0.27429485)
animation = "Pls"
pushy = false

[node name="TeenStanding6" parent="Teens" instance=ExtResource("11_kps16")]
transform = Transform3D(-0.12299541, 0, 0.99240756, 0, 1, 0, -0.9924076, 0, -0.12299535, -27.748966, -0.002417326, 0.35246944)
animation = "HeavyHead"
pushy = false

[node name="TeenStanding2" parent="Teens" instance=ExtResource("11_kps16")]
transform = Transform3D(-0.9574804, 0.21125412, -0.19647594, 0.13115616, 0.9253262, 0.35576615, 0.25696146, 0.31487018, -0.91368896, -28.478773, -0.34407973, 1.6672277)
animation = "SleepCouch1"
pushy = false

[node name="TeenStanding7" parent="Teens" instance=ExtResource("11_kps16")]
transform = Transform3D(0.21526378, 0, 0.976556, 0, 1, 0, -0.976556, 0, 0.21526378, -15.575792, 0, 2.3590927)
animation = "Wall"

[node name="TeenStanding9" parent="Teens" instance=ExtResource("11_kps16")]
transform = Transform3D(0.61733794, 0, -0.78669816, 0, 1, 0, 0.78669816, 0, 0.61733794, -35.46439, -0.016864896, -6.0937634)
animation = "SuprizedConfused"

[node name="TeenStanding8" parent="Teens" instance=ExtResource("11_kps16")]
transform = Transform3D(0.9997575, 0, -0.022024231, 0.007295648, 0.94354105, 0.3311752, 0.020780766, -0.33125558, 0.9433123, -34.568497, -0.23043165, 5.612439)
animation = "CouchThinking"
pushy = false

[node name="TeenStanding10" parent="Teens" instance=ExtResource("11_kps16")]
transform = Transform3D(-0.54296935, 0, 0.83975255, 0, 1, 0, -0.83975255, 0, -0.54296935, -37.97699, -0.98796964, 3.0949402)
animation = "Pls"
pushy = false
model_index = 1

[node name="TeenStanding11" parent="Teens" instance=ExtResource("11_kps16")]
transform = Transform3D(-0.51928043, 0, 0.8546039, 0, 1, 0, -0.8546039, 0, -0.51928043, -33.15732, 0.7863598, 7.6337767)
animation = "CouchThinking"
pushy = false
model_index = 2

[node name="TeenStanding12" parent="Teens" instance=ExtResource("11_kps16")]
transform = Transform3D(-0.29449075, 0, 0.9556543, 0, 1, 0, -0.9556543, 0, -0.29449075, -34.448902, 0.01551342, -1.1215415)
animation = "HeavyHead"
model_index = 1

[node name="TeenStanding13" parent="Teens" instance=ExtResource("11_kps16")]
transform = Transform3D(-0.31543374, 0, -0.94894767, 0, 1, 0, 0.94894767, 0, -0.31543374, -17.127666, 0, 6.0756006)
animation = "Drinking"
model_index = 2

[node name="Furniture" type="Node3D" parent="."]
transform = Transform3D(1, 0, 0, 0, 1, 0, 0, 0, 1, 20.084337, 0, 5.504731)

[node name="Couch5" parent="Furniture" instance=ExtResource("2_fgeje")]
transform = Transform3D(-0.3155662, 0, 0.94890356, 0, 1, 0, -0.94890356, 0, -0.3155662, -33.17868, 0.79221153, 7.581913)

[node name="Couch1" parent="Furniture" instance=ExtResource("9_erixm")]
transform = Transform3D(-0.97927165, 0.17475867, -0.10240284, -0.040601224, 0.32594416, 0.9445167, 0.19844012, 0.92909616, -0.31209248, -36.516605, 0.39599288, -4.7383175)
wobblable = false

[node name="Couch3" parent="Furniture" instance=ExtResource("12_fgeje")]
transform = Transform3D(0.65739554, 0.1612825, -0.7360835, -0.5887295, 0.7196461, -0.36811316, 0.4703493, 0.6753503, 0.5680438, -35.90282, 0.65258634, -4.5202084)
wobblable = false

[node name="Shelf2" parent="Furniture" instance=ExtResource("13_ue5od")]
transform = Transform3D(0.82882285, 0, 0.5595112, 0, 1, 0, -0.5595112, 0, 0.82882285, -36.776455, -0.016865611, -5.6580677)

[node name="TableRound1" parent="Furniture" instance=ExtResource("14_cw4i2")]
transform = Transform3D(1, 0, 0, 0, 1, 0, 0, 0, 1, -29.572254, -0.0032918453, 0.1617117)
wobblable = false

[node name="TableRound2" parent="Furniture" instance=ExtResource("14_cw4i2")]
transform = Transform3D(1, 0, 0, 0, 1, 0, 0, 0, 1, -14.471165, 0, 2.0776675)

[node name="Shelf3" parent="Furniture" instance=ExtResource("13_ue5od")]
transform = Transform3D(1, 0, 0, 0, 1, 0, 0, 0, 1, -39.918674, 0.010964394, 6.8369713)

[node name="Table1" parent="Furniture" instance=ExtResource("21_vrn81")]
transform = Transform3D(0.50998753, 0, 0.8601818, 0, 1, 0, -0.8601818, 0, 0.50998753, -35.289494, -0.0076272488, 8.203405)

[node name="PizzaBox" parent="Furniture/Table1" instance=ExtResource("22_s2djd")]
transform = Transform3D(-0.99719954, 0, -0.07478732, 0, 1, 0, 0.07478732, 0, -0.99719954, -0.5355339, 0.8718611, -0.008447647)

[node name="TeenStanding13" parent="Furniture/Table1" instance=ExtResource("11_kps16")]
transform = Transform3D(0.9995352, 0, 0.030486196, 0, 1, 0, -0.030486196, 0, 0.9995352, 0.5614548, 0.9825516, -0.24622202)
animation = "Pls"
model_index = 2

[node name="TeenStanding" parent="Furniture/Table1" instance=ExtResource("11_kps16")]
transform = Transform3D(-0.2650271, -0.7020836, 0.66093826, 0.012980303, 0.6827893, 0.73050004, -0.96415365, 0.20218155, -0.1718445, -1.8514175, -0.49513835, -10.264078)
animation = "CouchThinking"

[node name="TeenStanding2" parent="Furniture/Table1" instance=ExtResource("11_kps16")]
transform = Transform3D(0.50998753, 0, -0.8601818, 0, 1, 0, 0.8601818, 0, 0.50998753, -0.66828537, 0.011698842, -9.508415)
animation = "SuprizedConfused"
model_index = 2

[node name="TableRound3" parent="Furniture" instance=ExtResource("14_cw4i2")]
transform = Transform3D(1, 0, 0, 0, 1, 0, 0, 0, 1, -14.459608, -9.536743e-07, 6.211586)

[node name="Shelf4" parent="Furniture" instance=ExtResource("13_ue5od")]
transform = Transform3D(-4.371139e-08, 0, 1, 0, 1, 0, -1, 0, -4.371139e-08, -38.517036, 0.031867027, -1.421061)

[node name="TeenStanding" parent="Furniture/Shelf4" instance=ExtResource("11_kps16")]
transform = Transform3D(0.99111146, 1.1911954e-08, 0.1330348, -0.044015955, 0.94368, 0.32791945, -0.12554222, -0.33086032, 0.93529165, -0.4377823, 0.59609914, 0.2188034)
animation = "CouchThinking"
pushy = false

[node name="TableRound4" parent="Furniture" instance=ExtResource("14_cw4i2")]
transform = Transform3D(1, 0, 0, 0, 1, 0, 0, 0, 1, -37.000763, 0.009201527, -3.3798444)

[node name="Table2" parent="Furniture" instance=ExtResource("18_1c67v")]
transform = Transform3D(-0.99743706, 0, -0.07154976, 0, 1, 0, 0.07154976, 0, -0.99743706, -23.159485, -1.9073486e-06, 4.8530474)

[node name="Couch4" parent="Furniture" instance=ExtResource("12_fgeje")]
transform = Transform3D(0.9962869, 0, -0.086095095, 0, 1, 0, 0.086095095, 0, 0.9962869, -26.010017, 0.00027680397, 4.6651983)

[node name="TeenStanding11" parent="Furniture/Couch4" instance=ExtResource("11_kps16")]
transform = Transform3D(-0.018347062, 0.59040344, -0.8068998, 0.076591454, 0.8054941, 0.58763343, 0.9968937, -0.05102028, -0.05999831, -0.5841541, 0.044377923, 0.5598583)
animation = "SleepCouch1"
pushy = false
model_index = 1

[node name="TeenStanding12" parent="Furniture/Couch4" instance=ExtResource("11_kps16")]
transform = Transform3D(0.99922085, 0, 0.039469108, 0, 1, 0, -0.039469108, 0, 0.99922085, 0.850894, 0.044377923, -0.13151836)
animation = "SleepCouch1"
pushy = false
model_index = 2

[node name="TableRound5" parent="Furniture" instance=ExtResource("14_cw4i2")]
transform = Transform3D(-0.95206, 0, 0.30591142, 0, 1, 0, -0.30591142, 0, -0.95206, -32.99391, 1.0042707, 6.2289047)

[node name="Shelf5" parent="Furniture" instance=ExtResource("13_ue5od")]
transform = Transform3D(-4.371139e-08, 0, 1, 0, 1, 0, -1, 0, -4.371139e-08, -21.44638, -4.7683716e-07, -3.5801015)

[node name="LampStanding4" parent="Furniture" instance=ExtResource("37_cw4i2")]
transform = Transform3D(-0.8529866, 0.52188087, 0.007378416, 6.2967165e-10, -0.014136686, 0.9999001, 0.52193296, 0.85290146, 0.012058428, -35.811752, 0.41126436, -2.9979594)

