[gd_scene load_steps=34 format=3 uid="uid://cfeukfanfm516"]

[ext_resource type="Script" uid="uid://cm1uqdo37kpmi" path="res://Gameplay/LogicObjects/player_spawner.gd" id="1_2o66m"]
[ext_resource type="Material" uid="uid://c40katw3nlw77" path="res://Assets/Materials/green_carpet.tres" id="2_77x17"]
[ext_resource type="PackedScene" uid="uid://fhev4d48q1qy" path="res://Objects/Architypes/LivingRoom/stairs_wide.tscn" id="3_cc2k6"]
[ext_resource type="Texture2D" uid="uid://cdu2wjhgj7mo2" path="res://Assets/Maps/Carpet_tiles/green_carpet/atlas.PNG" id="4_goae5"]
[ext_resource type="PackedScene" uid="uid://dci81bvxxl4nx" path="res://Objects/Architypes/LivingRoom/stairs_thin.tscn" id="5_bnuft"]
[ext_resource type="Material" uid="uid://rfvsy8jw033o" path="res://Levels/Gyms/Wall/yellow_floral_wall_v2.tres" id="7_01tvo"]
[ext_resource type="Material" uid="uid://bdchormsmw1jv" path="res://Levels/Gyms/Wall/wooden_wall_v2.tres" id="8_lnhaw"]
[ext_resource type="PackedScene" uid="uid://c0d87wbdbi2al" path="res://Objects/Architypes/Furniture/couch1.tscn" id="9_erixm"]
[ext_resource type="PackedScene" uid="uid://d62n5s8htyn7" path="res://Characters/Teens/logic/TeenStanding.tscn" id="11_kps16"]
[ext_resource type="PackedScene" uid="uid://cugf77dasisxg" path="res://Objects/Architypes/Furniture/couch3.tscn" id="12_fgeje"]
[ext_resource type="PackedScene" uid="uid://cs4digbuoekpl" path="res://Objects/Architypes/Furniture/shelf2.tscn" id="13_ue5od"]
[ext_resource type="PackedScene" uid="uid://j1b5yvs8pnux" path="res://Objects/Architypes/Furniture/table_round1.tscn" id="14_cw4i2"]
[ext_resource type="PackedScene" uid="uid://byi1vrdra1og3" path="res://Objects/Architypes/Props/radio.tscn" id="15_qf2l2"]
[ext_resource type="PackedScene" uid="uid://d3unw205fanv5" path="res://Objects/Loot/pickup_beer.tscn" id="16_2fwea"]
[ext_resource type="PackedScene" uid="uid://if8jggvkxrky" path="res://Objects/Architypes/Hurtiture/hurtitire_cactus.tscn" id="17_7j1i3"]
[ext_resource type="PackedScene" uid="uid://3kn1j5376oof" path="res://Objects/Architypes/Furniture/table2.tscn" id="18_1c67v"]
[ext_resource type="PackedScene" uid="uid://cold18jtw7ak0" path="res://Objects/Architypes/TrippingHazards/slippery_banana_peel.tscn" id="19_f5grc"]
[ext_resource type="PackedScene" uid="uid://d2fq258dik5oo" path="res://Objects/Architypes/Furniture/table1.tscn" id="21_vrn81"]
[ext_resource type="PackedScene" uid="uid://xu48fxr0n02f" path="res://Objects/Architypes/Props/pizza_box.tscn" id="22_s2djd"]
[ext_resource type="PackedScene" uid="uid://c5gvg6210vgku" path="res://Objects/Architypes/LivingRoom/door.tscn" id="23_ur1xt"]
[ext_resource type="PackedScene" uid="uid://d3padysgagsbx" path="res://Objects/Architypes/TrippingHazards/tripping_rug.tscn" id="24_2o66m"]
[ext_resource type="PackedScene" uid="uid://bl2s2scly01yo" path="res://Objects/Architypes/Props/full_pizza.tscn" id="24_536uo"]

[sub_resource type="Environment" id="Environment_vu8ij"]
background_mode = 1
ambient_light_source = 2
ambient_light_color = Color(0.4074739, 0.20157146, 1, 1)
ambient_light_energy = 2.45
tonemap_mode = 4

[sub_resource type="StandardMaterial3D" id="StandardMaterial3D_8emx1"]
shading_mode = 0
diffuse_mode = 3
albedo_color = Color(0, 0, 0, 1)

[sub_resource type="PlaneMesh" id="PlaneMesh_3olhf"]

[sub_resource type="BoxShape3D" id="BoxShape3D_2o66m"]
size = Vector3(11.549093, 4.1967773, 0.17675781)

[sub_resource type="BoxShape3D" id="BoxShape3D_77x17"]
size = Vector3(1.5321045, 4.1967773, 0.17675781)

[sub_resource type="BoxShape3D" id="BoxShape3D_0iqmc"]
size = Vector3(9.023521, 4.1967773, 0.17675781)

[sub_resource type="BoxShape3D" id="BoxShape3D_4djw3"]
size = Vector3(16.714428, 4.1967773, 0.17675781)

[sub_resource type="StandardMaterial3D" id="StandardMaterial3D_0iqmc"]
resource_local_to_scene = true
albedo_color = Color(0.35906908, 0.35906908, 0.35906908, 1)
albedo_texture = ExtResource("4_goae5")
uv1_scale = Vector3(0.149, 0.149, 0.656)
uv1_triplanar = true
uv1_world_triplanar = true

[sub_resource type="StandardMaterial3D" id="StandardMaterial3D_4djw3"]
resource_local_to_scene = true
albedo_color = Color(0.35906908, 0.35906908, 0.35906908, 1)
albedo_texture = ExtResource("4_goae5")
uv1_scale = Vector3(0.149, 0.149, 0.656)
uv1_triplanar = true
uv1_world_triplanar = true

[sub_resource type="StandardMaterial3D" id="StandardMaterial3D_2o66m"]
resource_local_to_scene = true
albedo_color = Color(0.35906908, 0.35906908, 0.35906908, 1)
albedo_texture = ExtResource("4_goae5")
uv1_scale = Vector3(0.149, 0.149, 0.656)
uv1_triplanar = true
uv1_world_triplanar = true

[sub_resource type="StandardMaterial3D" id="StandardMaterial3D_77x17"]
resource_local_to_scene = true
albedo_color = Color(0.35906908, 0.35906908, 0.35906908, 1)
albedo_texture = ExtResource("4_goae5")
uv1_scale = Vector3(0.149, 0.149, 0.656)
uv1_triplanar = true
uv1_world_triplanar = true

[node name="Node3D" type="Node3D"]

[node name="PlayerSpawnPoint" type="Node3D" parent="."]
transform = Transform3D(1, 0, 0, 0, 1, 0, 0, 0, 1, -9.346152, 0, 11.464113)
script = ExtResource("1_2o66m")
metadata/_custom_type_script = "uid://cm1uqdo37kpmi"

[node name="WorldEnvironment" type="WorldEnvironment" parent="."]
environment = SubResource("Environment_vu8ij")

[node name="DirectionalLight3D" type="DirectionalLight3D" parent="WorldEnvironment"]
transform = Transform3D(0.25711855, -0.94951284, 0.17976531, -0.11193707, 0.15550463, 0.9814726, -0.9598751, -0.27247724, -0.06630256, -50.150253, 0.9126637, 7.7083006)
light_color = Color(1.8933368, 1.1924895, 0.6190691, 1)
light_energy = 0.46
light_indirect_energy = 1.804
shadow_enabled = true
shadow_opacity = 0.5

[node name="EditorLight" type="DirectionalLight3D" parent="WorldEnvironment"]
transform = Transform3D(0.25711855, -0.94951284, 0.17976531, -0.11193707, 0.15550463, 0.9814726, -0.9598751, -0.27247724, -0.06630256, -50.150253, 0.9126637, 7.7083006)
light_color = Color(1.8933368, 1.1924895, 0.6190691, 1)
light_energy = 0.46
light_indirect_energy = 1.804
shadow_opacity = 0.5
editor_only = true

[node name="MeshInstance3D" type="MeshInstance3D" parent="WorldEnvironment"]
transform = Transform3D(37.02463, 0, 0, 0, 1, 0, 0, 0, 30.56875, -6.74757, -1.2029915, 2.6510732)
material_override = SubResource("StandardMaterial3D_8emx1")
mesh = SubResource("PlaneMesh_3olhf")

[node name="Layout" type="Node3D" parent="."]
transform = Transform3D(1, 0, 0, 0, 1, 0, 0, 0, 1, 20.084337, 0, 5.504731)

[node name="Floor" type="Node3D" parent="Layout"]

[node name="CSGBox3D5" type="CSGBox3D" parent="Layout/Floor"]
transform = Transform3D(1, 0, 0, 0, 1, 0, 0, 0, 1, -20.16065, -0.5000005, -1.4125817)
material_override = ExtResource("2_77x17")
use_collision = true
collision_layer = 65
size = Vector3(3.1466846, 1, 10.9549465)

[node name="CSGBox3D11" type="CSGBox3D" parent="Layout/Floor"]
transform = Transform3D(1, 0, 0, 0, 1, 0, 0, 0, 1, -14.768299, -0.5000005, 1.08671)
material_override = ExtResource("2_77x17")
use_collision = true
collision_layer = 65
size = Vector3(2.2213635, 1, 6.1083384)

[node name="CSGBox3D12" type="CSGBox3D" parent="Layout/Floor"]
transform = Transform3D(1, 0, 0, 0, 1, 0, 0, 0, 1, -33.128185, -0.11989045, 4.3577185)
material_override = ExtResource("2_77x17")
use_collision = true
collision_layer = 65
size = Vector3(2.0639288, 1.8125, 5.462887)

[node name="CSGBox3D6" type="CSGBox3D" parent="Layout/Floor"]
transform = Transform3D(1, 0, 0, 0, 1, 0, 0, 0, 1, -19.347761, -0.49999952, 5.4253187)
material_override = ExtResource("2_77x17")
use_collision = true
collision_layer = 65
size = Vector3(11.566525, 1, 2.8539395)

[node name="CSGBox3D7" type="CSGBox3D" parent="Layout/Floor"]
transform = Transform3D(1, 0, 0, 0, 1, 0, 0, 0, 1, -29.565016, -0.49999952, 6.175701)
material_override = ExtResource("2_77x17")
use_collision = true
collision_layer = 65
size = Vector3(8.904722, 1, 4.354704)

[node name="CSGBox3D2" type="CSGBox3D" parent="Layout/Floor"]
transform = Transform3D(1, 0, 0, 0, 1, 0, 0, 0, 1, -36.172855, -0.49079907, -5.621541)
material_override = ExtResource("2_77x17")
use_collision = true
collision_layer = 65
size = Vector3(2.8804932, 1, 6.076872)

[node name="CSGBox3D3" type="CSGBox3D" parent="Layout/Floor"]
transform = Transform3D(1, 0, 0, 0, 1, 0, 0, 0, 1, -28.849588, -0.5080285, 0.8686209)
material_override = ExtResource("2_77x17")
use_collision = true
collision_layer = 65
size = Vector3(3.0776367, 1, 6.399886)

[node name="CSGBox3D4" type="CSGBox3D" parent="Layout/Floor"]
transform = Transform3D(1, 0, 0, 0, 1, 0, 0, 0, 1, -44.389877, -0.4959283, 3.284585)
material_override = ExtResource("2_77x17")
use_collision = true
collision_layer = 65
size = Vector3(3.2197266, 1, 6.917724)

[node name="Walls" type="Node3D" parent="Layout"]

[node name="CSG_WoodenlWall2" type="CSGBox3D" parent="Layout/Walls"]
transform = Transform3D(1, 0, 0, 0, 1, 0, 0, 0, 1, -34.801224, 2.0720854, -5.2006283)
material_override = ExtResource("7_01tvo")
use_collision = true
size = Vector3(0.2, 4.1826487, 4.8571343)

[node name="CSG_WoodenlWall3" type="CSGBox3D" parent="Layout/Walls"]
transform = Transform3D(1, 0, 0, 0, 1, 0, 0, 0, 1, -37.76086, 2.0720854, -5.22278)
material_override = ExtResource("7_01tvo")
use_collision = true
size = Vector3(0.2, 4.1826487, 4.901437)

[node name="CSG_WoodenlWall4" type="CSGBox3D" parent="Layout/Walls"]
transform = Transform3D(1, 0, 0, 0, 1, 0, 0, 0, 1, -27.336184, 2.0856593, 1.4106894)
material_override = ExtResource("7_01tvo")
use_collision = true
size = Vector3(0.2, 4.1826487, 4.937535)

[node name="CSG_WoodenlWall9" type="CSGBox3D" parent="Layout/Walls"]
transform = Transform3D(1, 0, 0, 0, 1, 0, 0, 0, 1, -45.96267, 2.0977595, 4.1625834)
material_override = ExtResource("7_01tvo")
use_collision = true
size = Vector3(0.2, 4.1826487, 4.937535)

[node name="CSG_WoodenlWall5" type="CSGBox3D" parent="Layout/Walls"]
transform = Transform3D(1, 0, 0, 0, 1, 0, 0, 0, 1, -30.239729, 2.0856593, 0.44315135)
material_override = ExtResource("7_01tvo")
use_collision = true
size = Vector3(0.2, 4.1826487, 2.7934744)

[node name="CSG_YellowlWall11" type="CSGBox3D" parent="Layout/Walls"]
transform = Transform3D(-4.371139e-08, 0, -1, 0, 1, 0, 1, 0, -4.371139e-08, -24.508373, 2.055442, 3.9435363)
material_override = ExtResource("7_01tvo")
use_collision = true
size = Vector3(0.2, 4.2669225, 5.929716)

[node name="CSG_YellowlWall15" type="CSGBox3D" parent="Layout/Walls"]
transform = Transform3D(-4.371139e-08, 0, -1, 0, 1, 0, 1, 0, -4.371139e-08, -41.29908, 2.055442, 6.6067142)
material_override = ExtResource("7_01tvo")
use_collision = true
size = Vector3(0.2, 4.2669225, 3.2749095)

[node name="CSG_YellowlWall25" type="CSGBox3D" parent="Layout/Walls"]
transform = Transform3D(-4.371139e-08, 0, -1, 0, 1, 0, 1, 0, -4.371139e-08, -32.115387, 2.055442, 1.7450631)
material_override = ExtResource("7_01tvo")
use_collision = true
size = Vector3(0.2, 4.2669225, 3.9587793)

[node name="CSG_YellowlWall12" type="CSGBox3D" parent="Layout/Walls"]
transform = Transform3D(-4.371139e-08, 0, -1, 0, 1, 0, 1, 0, -4.371139e-08, -17.191824, 2.055442, 3.9435363)
material_override = ExtResource("7_01tvo")
use_collision = true
size = Vector3(0.2, 4.2669225, 2.972441)

[node name="CSG_YellowlWall7" type="CSGBox3D" parent="Layout/Walls"]
transform = Transform3D(-4.371139e-08, 0, -1, 0, 1, 0, 1, 0, -4.371139e-08, -45.56731, 1.6762302, 4.9520884)
material_override = ExtResource("8_lnhaw")
use_collision = true
size = Vector3(0.2, 3.490883, 0.37301287)

[node name="CSG_YellowlWall8" type="CSGBox3D" parent="Layout/Walls"]
transform = Transform3D(-4.371139e-08, 0, -1, 0, 1, 0, 1, 0, -4.371139e-08, -44.815407, 1.6762302, 4.9520884)
material_override = ExtResource("8_lnhaw")
use_collision = true
size = Vector3(0.2, 3.490883, 0.37301287)

[node name="CSG_YellowlWall9" type="CSGBox3D" parent="Layout/Walls"]
transform = Transform3D(-4.371139e-08, 0, -1, 0, 1, 0, 1, 0, -4.371139e-08, -44.06858, 1.6762302, 4.9520884)
material_override = ExtResource("8_lnhaw")
use_collision = true
size = Vector3(0.2, 3.490883, 0.37301287)

[node name="CSG_YellowlWall10" type="CSGBox3D" parent="Layout/Walls"]
transform = Transform3D(-4.371139e-08, 0, -1, 0, 1, 0, 1, 0, -4.371139e-08, -43.315063, 1.6762302, 4.9520884)
material_override = ExtResource("8_lnhaw")
use_collision = true
size = Vector3(0.2, 3.490883, 0.37301287)

[node name="CSG_YellowlWall14" type="CSGBox3D" parent="Layout/Walls"]
transform = Transform3D(1.07582245e-08, -0.9692395, 0.2461195, -4.2366803e-08, -0.2461195, -0.9692395, 1, 0, -4.371139e-08, -44.428654, 1.4221504, 4.8114443)
material_override = ExtResource("8_lnhaw")
use_collision = true
size = Vector3(0.2, 3.490883, 0.37301287)

[node name="CSG_YellowlWall17" type="CSGBox3D" parent="Layout/Walls"]
transform = Transform3D(-7.907249e-09, -0.9835021, -0.18089676, -4.299024e-08, 0.18089676, -0.9835021, 1, 0, -4.371139e-08, -44.428654, 2.4151828, 4.8114443)
material_override = ExtResource("8_lnhaw")
use_collision = true
size = Vector3(0.2, 3.490883, 0.37301287)

[node name="CSG_YellowlWall4" type="CSGBox3D" parent="Layout/Walls"]
transform = Transform3D(-4.371139e-08, 0, -1, 0, 1, 0, 1, 0, -4.371139e-08, -37.33948, 2.0908809, -7.565796)
material_override = ExtResource("7_01tvo")
use_collision = true
size = Vector3(0.2, 4.2202463, 0.63703346)

[node name="CSG_YellowlWall19" type="CSGBox3D" parent="Layout/Walls"]
transform = Transform3D(-4.371139e-08, 0, -1, 0, 1, 0, 1, 0, -4.371139e-08, -35.019573, 2.0908809, -7.565796)
material_override = ExtResource("7_01tvo")
use_collision = true
size = Vector3(0.2, 4.2202463, 0.63703346)

[node name="CSG_YellowlWall27" type="CSGBox3D" parent="Layout/Walls"]
transform = Transform3D(-4.371139e-08, 0, -1, 0, 1, 0, 1, 0, -4.371139e-08, -36.10287, 3.7602005, -7.565796)
material_override = ExtResource("7_01tvo")
use_collision = true
size = Vector3(0.2, 0.88160753, 1.8564453)

[node name="CSG_YellowlWall5" type="CSGBox3D" parent="Layout/Walls"]
transform = Transform3D(-4.371139e-08, 0, -1, 0, 1, 0, 1, 0, -4.371139e-08, -29.93249, 2.1044548, -0.914279)
material_override = ExtResource("7_01tvo")
use_collision = true
size = Vector3(0.2, 4.2202463, 0.63703346)

[node name="CSG_YellowlWall31" type="CSGBox3D" parent="Layout/Walls"]
transform = Transform3D(-4.371139e-08, 0, -1, 0, 1, 0, 1, 0, -4.371139e-08, -27.612583, 2.1044548, -0.914279)
material_override = ExtResource("7_01tvo")
use_collision = true
size = Vector3(0.2, 4.2202463, 0.63703346)

[node name="CSG_YellowlWall32" type="CSGBox3D" parent="Layout/Walls"]
transform = Transform3D(-4.371139e-08, 0, -1, 0, 1, 0, 1, 0, -4.371139e-08, -28.69588, 3.7737744, -0.914279)
material_override = ExtResource("7_01tvo")
use_collision = true
size = Vector3(0.2, 0.88160753, 1.8564453)

[node name="CSG_YellowlWall6" type="CSGBox3D" parent="Layout/Walls"]
transform = Transform3D(-4.371139e-08, 0, -1, 0, 1, 0, 1, 0, -4.371139e-08, -45.552773, 2.116555, 1.7606058)
material_override = ExtResource("7_01tvo")
use_collision = true
size = Vector3(0.2, 4.2202463, 0.8545275)

[node name="CSG_YellowlWall33" type="CSGBox3D" parent="Layout/Walls"]
transform = Transform3D(-4.371139e-08, 0, -1, 0, 1, 0, 1, 0, -4.371139e-08, -43.124123, 2.116555, 1.7606058)
material_override = ExtResource("7_01tvo")
use_collision = true
size = Vector3(0.2, 4.2202463, 0.63703346)

[node name="CSG_YellowlWall18" type="CSGBox3D" parent="Layout/Walls"]
transform = Transform3D(1, 0, 0, 0, 1, 0, 0, 0, 1, -50.655632, 2.1151364, 9.598337)
material_override = ExtResource("7_01tvo")
use_collision = true
size = Vector3(0.2, 4.2202463, 1.0195489)

[node name="CSG_YellowlWall21" type="CSGBox3D" parent="Layout/Walls"]
transform = Transform3D(1, 0, 0, 0, 1, 0, 0, 0, 1, -50.655632, 3.7692926, 8.242814)
material_override = ExtResource("7_01tvo")
use_collision = true
size = Vector3(0.2, 0.91193414, 1.7900391)

[node name="CSG_YellowlWall35" type="CSGBox3D" parent="Layout/Walls"]
transform = Transform3D(1, 0, 0, 0, 1, 0, 0, 0, 1, -50.655632, 2.1151364, 6.9944773)
material_override = ExtResource("7_01tvo")
use_collision = true
size = Vector3(0.2, 4.2202463, 0.822423)

[node name="CSG_YellowlWall34" type="CSGBox3D" parent="Layout/Walls"]
transform = Transform3D(-4.371139e-08, 0, -1, 0, 1, 0, 1, 0, -4.371139e-08, -44.207417, 3.7858746, 1.7606058)
material_override = ExtResource("7_01tvo")
use_collision = true
size = Vector3(0.2, 0.88160753, 1.8564453)

[node name="CSG_YellowlWall36" type="CSGBox3D" parent="Layout/Walls"]
transform = Transform3D(-4.371139e-08, 0, -1, 0, 1, 0, 1, 0, -4.371139e-08, -20.075466, 2.0852838, -6.7332344)
material_override = ExtResource("7_01tvo")
use_collision = true
size = Vector3(0.2, 4.1925745, 3.1795087)

[node name="CSG_WoodenlWall6" type="CSGBox3D" parent="Layout/Walls"]
transform = Transform3D(1, 0, 0, 0, 1, 0, 0, 0, 1, -42.842148, 2.0977595, 4.096879)
material_override = ExtResource("7_01tvo")
use_collision = true
size = Vector3(0.2, 4.1826487, 4.9149256)

[node name="CSG_WoodenlWall17" type="CSGBox3D" parent="Layout/Walls"]
transform = Transform3D(-4.371139e-08, 0, 1, 0, 1, 0, -1, 0, -4.371139e-08, -48.23383, 2.096341, 6.6778193)
material_override = ExtResource("7_01tvo")
use_collision = true
size = Vector3(0.2, 4.1826487, 4.7896442)

[node name="CSG_WoodenlWall18" type="CSGBox3D" parent="Layout/Walls"]
transform = Transform3D(-4.371139e-08, 0, 1, 0, 1, 0, -1, 0, -4.371139e-08, -52.96408, 2.0963414, 10.024521)
material_override = ExtResource("7_01tvo")
use_collision = true
size = Vector3(0.2, 4.1826487, 4.801194)

[node name="CSG_WoodenlWall8" type="CSGBox3D" parent="Layout/Walls"]
transform = Transform3D(1, 0, 0, 0, 1, 0, 0, 0, 1, -18.581806, 2.088951, -1.3360859)
material_override = ExtResource("7_01tvo")
use_collision = true
size = Vector3(0.2, 4.1826487, 10.641357)

[node name="CSG_WoodenlWall10" type="CSGBox3D" parent="Layout/Walls"]
transform = Transform3D(1, 0, 0, 0, 1, 0, 0, 0, 1, -13.59169, 2.088951, 3.4397984)
material_override = ExtResource("7_01tvo")
use_collision = true
size = Vector3(0.2, 4.1826487, 6.853483)

[node name="CSG_WoodenlWall13" type="CSGBox3D" parent="Layout/Walls"]
transform = Transform3D(1, 0, 0, 0, 1, 0, 0, 0, 1, -15.820112, 2.088951, 2.0576296)
material_override = ExtResource("7_01tvo")
use_collision = true
size = Vector3(0.2, 4.1826487, 3.7700791)

[node name="CSG_WoodenlWall15" type="CSGBox3D" parent="Layout/Walls"]
transform = Transform3D(1, 0, 0, 0, 1, 0, 0, 0, 1, -13.628971, 2.088951, 2.0419724)
material_override = ExtResource("7_01tvo")
use_collision = true
size = Vector3(0.2, 4.1826487, 3.996756)

[node name="CSG_WoodenlWall7" type="CSGBox3D" parent="Layout/Walls"]
transform = Transform3D(1, 0, 0, 0, 1, 0, 0, 0, 1, -21.632496, 2.088951, -1.3385873)
material_override = ExtResource("7_01tvo")
use_collision = true
size = Vector3(0.2, 4.1826487, 10.699693)

[node name="CSG_YellowlWall13" type="CSGBox3D" parent="Layout/Walls"]
transform = Transform3D(-4.371139e-08, 0, -1, 0, 1, 0, 1, 0, -4.371139e-08, -14.722862, 3.7089508, 0.10745716)
material_override = ExtResource("7_01tvo")
use_collision = true
size = Vector3(0.2, 1.017838, 2.365427)

[node name="Couch2" parent="Layout/Walls" instance=ExtResource("9_erixm")]
transform = Transform3D(1, 0, 0, 0, 1, 0, 0, 0, 1, -25.984787, 0.005938858, 4.585354)

[node name="InvisibleWalls" type="Node3D" parent="Layout"]

[node name="StaticBody3D" type="StaticBody3D" parent="Layout/InvisibleWalls"]
transform = Transform3D(1, 0, 0, 0, 1, 0, 0, 0, 1, -26.916164, 0, 7.1359825)

[node name="CollisionShape3D" type="CollisionShape3D" parent="Layout/InvisibleWalls/StaticBody3D"]
transform = Transform3D(1, 0, 0, 0, 1, 0, 0, 0, 1, 7.558094, 1.5983887, -0.25001907)
shape = SubResource("BoxShape3D_2o66m")

[node name="StaticBody3D4" type="StaticBody3D" parent="Layout/InvisibleWalls"]
transform = Transform3D(-4.371139e-08, 0, 1, 0, 1, 0, -1, 0, -4.371139e-08, -25.073435, 0, 7.763295)

[node name="CollisionShape3D" type="CollisionShape3D" parent="Layout/InvisibleWalls/StaticBody3D4"]
transform = Transform3D(1, 0, 0, 0, 1, 0, 0, 0, 1, 0.13689995, 1.5983887, -0.049665928)
shape = SubResource("BoxShape3D_77x17")

[node name="StaticBody3D3" type="StaticBody3D" parent="Layout/InvisibleWalls"]
transform = Transform3D(1, 0, 0, 0, 1, 0, 0, 0, 1, -30.332035, 0, 8.315162)

[node name="CollisionShape3D" type="CollisionShape3D" parent="Layout/InvisibleWalls/StaticBody3D3"]
transform = Transform3D(1, 0, 0, 0, 1, 0, 0, 0, 1, 0.7143326, 1.5983887, 0)
shape = SubResource("BoxShape3D_0iqmc")

[node name="StaticBody3D2" type="StaticBody3D" parent="Layout/InvisibleWalls"]
transform = Transform3D(1, 0, 0, 0, 1, 0, 0, 0, 1, -42.75203, 0, 9.545581)

[node name="CollisionShape3D" type="CollisionShape3D" parent="Layout/InvisibleWalls/StaticBody3D2"]
transform = Transform3D(1, 0, 0, 0, 1, 0, 0, 0, 1, 0.29823494, 1.5983887, 0)
shape = SubResource("BoxShape3D_4djw3")

[node name="Stairs" type="Node3D" parent="Layout"]

[node name="CSGBox3D18" type="CSGBox3D" parent="Layout"]
transform = Transform3D(-4.371139e-08, 0, -1, 0, 1, 0, 1, 0, -4.371139e-08, -36.94853, -0.83409643, -1.4809623)
material_override = ExtResource("2_77x17")
use_collision = true
collision_layer = 65
size = Vector3(2.556283, 1.6992188, 5.688759)

[node name="CSGBox3D22" type="CSGBox3D" parent="Layout"]
transform = Transform3D(-4.371139e-08, 0, -1, 0, 1, 0, 1, 0, -4.371139e-08, -44.828827, -0.8386445, 8.00577)
material_override = ExtResource("2_77x17")
use_collision = true
collision_layer = 65
size = Vector3(2.9113202, 1.6992188, 21.44936)

[node name="CSGBox3D14" type="CSGBox3D" parent="Layout"]
transform = Transform3D(-4.371139e-08, 0, -1, 0, 1, 0, 1, 0, -4.371139e-08, -38.43913, -1.8242506, 3.624937)
material_override = ExtResource("2_77x17")
use_collision = true
collision_layer = 65
size = Vector3(4.4534225, 1.6992188, 2.9485066)

[node name="Stairs_wide3" parent="Layout" instance=ExtResource("3_cc2k6")]
transform = Transform3D(-1, 0, 8.742278e-08, 0, 1, 0, -8.742278e-08, 0, -1, -35.525524, -1.0017712, 1.0290279)
wall_material = SubResource("StandardMaterial3D_0iqmc")

[node name="Stairs_wide5" parent="Layout" instance=ExtResource("3_cc2k6")]
transform = Transform3D(1, 0, 0, 0, 1, 0, 0, 0, 1, -38.34505, -1.7753317, 0.4024639)
wall_material = SubResource("StandardMaterial3D_4djw3")

[node name="Stairs_wide6" parent="Layout" instance=ExtResource("3_cc2k6")]
transform = Transform3D(-1, 0, -8.742277e-08, 0, 1, 0, 8.742277e-08, 0, -1, -38.34505, -1.795634, 6.0249987)
wall_material = SubResource("StandardMaterial3D_2o66m")

[node name="Stairs_wide4" parent="Layout" instance=ExtResource("3_cc2k6")]
transform = Transform3D(1, 0, -1.7484555e-07, 0, 1, 0, 1.7484555e-07, 0, 1, -35.525524, -1.0017712, 5.2899494)
wall_material = SubResource("StandardMaterial3D_77x17")

[node name="CSG_YellowlWall15" type="CSGBox3D" parent="Layout"]
transform = Transform3D(-4.371139e-08, 0, -1, 0, 1, 0, 1, 0, -4.371139e-08, -38.747074, 2.0554416, -2.6709096)
material_override = ExtResource("7_01tvo")
use_collision = true
size = Vector3(0.2, 4.2669225, 2.194253)

[node name="CSG_YellowlWall17" type="CSGBox3D" parent="Layout"]
transform = Transform3D(-4.371139e-08, 0, -1, 0, 1, 0, 1, 0, -4.371139e-08, -34.587025, 2.0554416, -2.6709096)
material_override = ExtResource("7_01tvo")
use_collision = true
size = Vector3(0.2, 4.2669225, 1.0487866)

[node name="CSG_YellowlWall16" type="CSGBox3D" parent="Layout"]
transform = Transform3D(1, 0, 0, 0, 1, 0, 0, 0, 1, -39.7603, 1.581594, 2.003168)
material_override = ExtResource("7_01tvo")
use_collision = true
size = Vector3(0.2, 5.201252, 9.356281)

[node name="CSG_YellowlWall18" type="CSGBox3D" parent="Layout"]
transform = Transform3D(1, 0, 0, 0, 1, 0, 0, 0, 1, -34.09044, 1.581594, 7.454873)
material_override = ExtResource("7_01tvo")
use_collision = true
size = Vector3(0.2, 5.201252, 5.3416033)

[node name="CSG_YellowlWall22" type="CSGBox3D" parent="Layout"]
transform = Transform3D(1, 0, 0, 0, 1, 0, 0, 0, 1, -34.01329, 1.7724719, -0.51264095)
material_override = ExtResource("7_01tvo")
use_collision = true
size = Vector3(0.2, 4.819496, 4.324663)

[node name="SlipperyTest" parent="Layout" instance=ExtResource("19_f5grc")]
transform = Transform3D(0.094334155, 0, -0.9955406, 0, 1, 0, 0.9955406, 0, 0.094334155, -36.026695, 0.7941975, 2.3657951)

[node name="SlipperyTest4" parent="Layout" instance=ExtResource("19_f5grc")]
transform = Transform3D(0.094334155, 0, -0.9955406, 0, 1, 0, 0.9955406, 0, 0.094334155, -36.479645, 0.79419774, 3.1812344)

[node name="SlipperyTest2" parent="Layout" instance=ExtResource("19_f5grc")]
transform = Transform3D(0.094334155, 0, -0.9955406, 0, 1, 0, 0.9955406, 0, 0.094334155, -36.324398, 0.79419774, 4.2351665)

[node name="TeenStanding" parent="Layout" instance=ExtResource("11_kps16")]
transform = Transform3D(0.9997575, 0, -0.022024231, 0.007295648, 0.94354105, 0.3311752, 0.020780766, -0.33125558, 0.9433123, -34.568497, -0.23043165, 5.6124396)
animation = "CouchThinking"
pushy = false

[node name="TeenStanding2" parent="Layout" instance=ExtResource("11_kps16")]
transform = Transform3D(-0.54296935, 0, 0.83975255, 0, 1, 0, -0.83975255, 0, -0.54296935, -39.114685, -0.98796964, 3.0949402)
animation = "Pls"
pushy = false

[node name="Table1" parent="Layout" instance=ExtResource("21_vrn81")]
transform = Transform3D(0.50998753, 0, 0.8601818, 0, 1, 0, -0.8601818, 0, 0.50998753, -35.289494, -0.0076272488, 8.203405)

[node name="PizzaBox" parent="Layout/Table1" instance=ExtResource("22_s2djd")]
transform = Transform3D(-0.99719954, 0, -0.07478732, 0, 1, 0, 0.07478732, 0, -0.99719954, -0.5355339, 0.8718611, -0.008447647)

[node name="FullPizza" parent="Layout" instance=ExtResource("24_536uo")]
transform = Transform3D(1, 0, 0, 0, 1, 0, 0, 0, 1, -35.583416, 0.8390523, 8.666361)

[node name="Shelf4" parent="Layout" instance=ExtResource("13_ue5od")]
transform = Transform3D(1, 0, 0, 0, 1, 0, 0, 0, 1, -38.562008, 0.015512943, -2.485577)

[node name="DrunknessPickup13" parent="Layout" instance=ExtResource("16_2fwea")]
transform = Transform3D(1, 0, 0, 0, 1, 0, 0, 0, 1, -38.04259, 1.0370909, -2.0237184)

[node name="DrunknessPickup14" parent="Layout" instance=ExtResource("16_2fwea")]
transform = Transform3D(1, 0, 0, 0, 1, 0, 0, 0, 1, -38.552025, 1.0370909, -2.0588927)

[node name="DrunknessPickup15" parent="Layout" instance=ExtResource("16_2fwea")]
transform = Transform3D(1, 0, 0, 0, 1, 0, 0, 0, 1, -39.300507, 1.0370909, -2.0406225)

[node name="TestCactus" parent="Layout" instance=ExtResource("17_7j1i3")]
transform = Transform3D(1, 0, 0, 0, 1, 0, 0, 0, 1, -40.010178, 0.014114335, 8.932539)

[node name="Shelf2" parent="Layout" instance=ExtResource("13_ue5od")]
transform = Transform3D(1, 0, 0, 0, 1, 0, 0, 0, 1, -41.778427, 0.010964394, 6.8369713)

[node name="Teens" type="Node3D" parent="."]
transform = Transform3D(1, 0, 0, 0, 1, 0, 0, 0, 1, 20.084337, 0, 5.504731)

[node name="TeenStanding" parent="Teens" instance=ExtResource("11_kps16")]
transform = Transform3D(0.858359, -0.1101757, 0.50108, -0.07622102, 0.93844646, 0.3369103, -0.5073561, -0.3273828, 0.79712623, -29.431719, -0.43078518, 1.0354681)
animation = "SleepCouch1"

[node name="TeenStanding3" parent="Teens" instance=ExtResource("11_kps16")]
transform = Transform3D(-0.6569145, 0.6942551, 0.29406342, 0.015292528, 0.40221104, -0.91541934, -0.7538104, -0.596855, -0.27483517, -29.1998, -0.19961053, 1.6604147)
animation = "HeavyHead"

[node name="TeenStanding4" parent="Teens" instance=ExtResource("11_kps16")]
transform = Transform3D(0.7937677, 0, 0.6082214, 0, 0.9999999, 0, -0.6082215, 0, 0.79376763, -29.525515, 1.033641, 0.14136219)
animation = "Worm"

[node name="TeenStanding5" parent="Teens" instance=ExtResource("11_kps16")]
transform = Transform3D(-0.12299541, 0, 0.99240756, 0, 1, 0, -0.9924076, 0, -0.12299535, -29.07797, -0.0024175644, 0.27429485)
animation = "Pls"

[node name="TeenStanding6" parent="Teens" instance=ExtResource("11_kps16")]
transform = Transform3D(-0.12299541, 0, 0.99240756, 0, 1, 0, -0.9924076, 0, -0.12299535, -27.748966, -0.002417326, 0.35246944)
animation = "HeavyHead"

[node name="TeenStanding2" parent="Teens" instance=ExtResource("11_kps16")]
transform = Transform3D(-0.9574804, 0.21125412, -0.19647594, 0.13115616, 0.9253262, 0.35576615, 0.25696146, 0.31487018, -0.91368896, -28.478773, -0.34407973, 1.6672277)
animation = "SleepCouch1"

[node name="TeenStanding7" parent="Teens" instance=ExtResource("11_kps16")]
transform = Transform3D(0.21526378, 0, 0.976556, 0, 1, 0, -0.976556, 0, 0.21526378, -15.575792, 0, 2.3590927)
animation = "Wall"

[node name="TeenStanding9" parent="Teens" instance=ExtResource("11_kps16")]
transform = Transform3D(0.61733794, 0, -0.78669816, 0, 1, 0, 0.78669816, 0, 0.61733794, -35.46439, -0.016864896, -6.0937634)
animation = "SuprizedConfused"

[node name="Furniture" type="Node3D" parent="."]
transform = Transform3D(1, 0, 0, 0, 1, 0, 0, 0, 1, 20.084337, 0, 5.504731)

[node name="Couch1" parent="Furniture" instance=ExtResource("9_erixm")]
transform = Transform3D(-0.97927165, 0.17475867, -0.10240284, -0.040601224, 0.32594416, 0.9445167, 0.19844012, 0.92909616, -0.31209248, -36.516605, 0.39599288, -4.7383175)
wobblable = false

[node name="Couch3" parent="Furniture" instance=ExtResource("12_fgeje")]
transform = Transform3D(0.65739554, 0.1612825, -0.7360835, -0.5887295, 0.7196461, -0.36811316, 0.4703493, 0.6753503, 0.5680438, -35.90282, 0.65258634, -4.5202084)
wobblable = false

[node name="Shelf2" parent="Furniture" instance=ExtResource("13_ue5od")]
transform = Transform3D(0.82882285, 0, 0.5595112, 0, 1, 0, -0.5595112, 0, 0.82882285, -36.776455, -0.016865611, -5.6580677)

[node name="TableRound1" parent="Furniture" instance=ExtResource("14_cw4i2")]
transform = Transform3D(1, 0, 0, 0, 1, 0, 0, 0, 1, -29.572254, -0.0032918453, 0.1617117)
wobblable = false

[node name="TableRound2" parent="Furniture" instance=ExtResource("14_cw4i2")]
transform = Transform3D(1, 0, 0, 0, 1, 0, 0, 0, 1, -14.471165, 0, 2.0776675)

[node name="Radio" parent="Furniture" instance=ExtResource("15_qf2l2")]
transform = Transform3D(0.9177269, 0, -0.39721197, 0, 1, 0, 0.39721197, 0, 0.9177269, -14.358494, 1.0005153, 2.1089647)

[node name="Drinks" type="Node3D" parent="."]
transform = Transform3D(1, 0, 0, 0, 1, 0, 0, 0, 1, 20.084337, 0, 5.504731)

[node name="DrunknessPickup" parent="Drinks" instance=ExtResource("16_2fwea")]
transform = Transform3D(1, 0, 0, 0, 1, 0, 0, 0, 1, -37.203457, -0.016865611, -3.5556545)

[node name="DrunknessPickup2" parent="Drinks" instance=ExtResource("16_2fwea")]
transform = Transform3D(0.6736061, -0.7149737, -0.18726313, 0, 0.25336966, -0.96736956, 0.73909056, 0.65162605, 0.17067134, -36.169598, 0.02851367, -3.688261)

[node name="DrunknessPickup3" parent="Drinks" instance=ExtResource("16_2fwea")]
transform = Transform3D(0.63271886, 0.74911314, 0.1962048, 2.105082e-08, 0.25336966, -0.96736956, -0.77438164, 0.61207306, 0.16031174, -35.63529, 0.02851367, -3.3308086)

[node name="DrunknessPickup10" parent="Drinks" instance=ExtResource("16_2fwea")]
transform = Transform3D(0.625093, -0.7550811, -0.19776784, 5.284863e-08, 0.25336966, -0.9673696, 0.7805507, 0.6046958, 0.1583796, -29.438723, 0.042087436, 2.363494)

[node name="DrunknessPickup11" parent="Drinks" instance=ExtResource("16_2fwea")]
transform = Transform3D(0.37624064, 0.89628947, 0.23475261, 7.379437e-08, 0.2533697, -0.96736974, -0.9265225, 0.36396396, 0.09532792, -28.526297, 0.042087436, 2.021327)

[node name="DrunknessPickup12" parent="Drinks" instance=ExtResource("16_2fwea")]
transform = Transform3D(0.93782884, 0.33577317, 0.08794446, 6.689124e-08, 0.2533697, -0.96736974, -0.3470994, 0.907227, 0.23761727, -28.618212, 0.042087436, 2.723712)

[node name="DrunknessPickup4" parent="Drinks" instance=ExtResource("16_2fwea")]
transform = Transform3D(0.63271886, 0.74911314, 0.1962048, 2.105082e-08, 0.25336966, -0.96736956, -0.77438164, 0.61207306, 0.16031174, -36.536373, 0.2582935, -2.7077236)

[node name="Hurtiture" type="Node3D" parent="."]
transform = Transform3D(1, 0, 0, 0, 1, 0, 0, 0, 1, 20.084337, 0, 5.504731)

[node name="TestCactus" parent="Hurtiture" instance=ExtResource("17_7j1i3")]
transform = Transform3D(0.6884685, 0, 0.7252662, 0, 1, 0, -0.7252662, 0, 0.6884685, -19.267986, 0.0054519475, 0.7638066)

[node name="TestCactus9" parent="Hurtiture" instance=ExtResource("17_7j1i3")]
transform = Transform3D(0.6884685, 0, 0.7252662, 0, 1, 0, -0.7252662, 0, 0.6884685, -20.979944, 0.005451709, -2.0356019)

[node name="TestCactus2" parent="Hurtiture" instance=ExtResource("17_7j1i3")]
transform = Transform3D(0.033806257, 0.81715965, -0.5754193, -0.99914545, 0.04133509, 1.6285973e-10, 0.023785017, 0.5749277, 0.8178587, -21.55204, 0.34789303, 1.9584787)
wobblable = false

[node name="TestCactus3" parent="Hurtiture" instance=ExtResource("17_7j1i3")]
transform = Transform3D(-0.42372522, 0, 0.9057908, 0, 1, 0, -0.9057908, 0, -0.42372522, -18.971306, 0.0054524243, 4.5703945)

[node name="TestCactus5" parent="Hurtiture" instance=ExtResource("17_7j1i3")]
transform = Transform3D(-0.42372522, 0, 0.9057908, 0, 1, 0, -0.9057908, 0, -0.42372522, -31.704237, 0.0054519475, 6.633755)

[node name="TestCactus7" parent="Hurtiture" instance=ExtResource("17_7j1i3")]
transform = Transform3D(-0.4280261, 0.24436553, 0.8701032, 0.90306014, 0.077589154, 0.42244777, 0.03572107, 0.9665741, -0.25388685, -29.917934, 0.26557198, 4.6495314)
wobblable = false

[node name="TestCactus6" parent="Hurtiture" instance=ExtResource("17_7j1i3")]
transform = Transform3D(-0.42372522, 0, 0.9057908, 0, 1, 0, -0.9057908, 0, -0.42372522, -34.762238, 0.0054519475, -2.2017016)

[node name="TestCactus13" parent="Hurtiture" instance=ExtResource("17_7j1i3")]
transform = Transform3D(1, 0, 0, 0, 1, 0, 0, 0, 1, -16.556957, 0.005452901, 4.481415)

[node name="Table2" parent="Hurtiture" instance=ExtResource("18_1c67v")]
transform = Transform3D(-1, 0, -8.940697e-08, 0, 1, 0, 8.940697e-08, 0, -1, -23.211487, -1.9073486e-06, 4.748622)

[node name="DrunknessPickup" parent="Hurtiture" instance=ExtResource("16_2fwea")]
transform = Transform3D(1, 0, 0, 0, 1, 0, 0, 0, 1, -22.155186, 0.86620903, 5.0386066)

[node name="DrunknessPickup2" parent="Hurtiture" instance=ExtResource("16_2fwea")]
transform = Transform3D(1, 0, 0, 0, 1, 0, 0, 0, 1, -22.833828, 0.83617926, 5.092433)

[node name="DrunknessPickup3" parent="Hurtiture" instance=ExtResource("16_2fwea")]
transform = Transform3D(1, 0, 0, 0, 1, 0, 0, 0, 1, -24.39315, 0.86620903, 5.037801)

[node name="DrunknessPickup4" parent="Hurtiture" instance=ExtResource("16_2fwea")]
transform = Transform3D(1, 0, 0, 0, 1, 0, 0, 0, 1, -24.014004, 0.86620903, 5.1301203)

[node name="DrunknessPickup5" parent="Hurtiture" instance=ExtResource("16_2fwea")]
transform = Transform3D(1, 0, 0, 0, 1, 0, 0, 0, 1, -14.466036, 1.0259137, 2.497414)

[node name="DrunknessPickup10" parent="Hurtiture" instance=ExtResource("16_2fwea")]
transform = Transform3D(1, 0, 0, 0, 1, 0, 0, 0, 1, -14.777111, 1.0259137, 2.468801)

[node name="TableRound3" parent="Hurtiture" instance=ExtResource("14_cw4i2")]
transform = Transform3D(-0.95206, 0, 0.30591142, 0, 1, 0, -0.30591142, 0, -0.95206, -33.111946, 1.0042707, 6.2387238)

[node name="DrunknessPickup15" parent="Hurtiture" instance=ExtResource("16_2fwea")]
transform = Transform3D(-0.95206, 0, 0.30591142, 0, 1, 0, -0.30591142, 0, -0.95206, -33.2918, 2.004271, 5.91411)

[node name="DrunknessPickup16" parent="Hurtiture" instance=ExtResource("16_2fwea")]
transform = Transform3D(-0.95206, 0, 0.30591142, 0, 1, 0, -0.30591142, 0, -0.95206, -32.778023, 2.0042706, 6.0943327)

[node name="Shelf2" parent="Hurtiture" instance=ExtResource("13_ue5od")]
transform = Transform3D(-4.371139e-08, 0, 1, 0, 1, 0, -1, 0, -4.371139e-08, -21.449131, -4.7683716e-07, -3.5801015)

[node name="DrunknessPickup11" parent="Hurtiture" instance=ExtResource("16_2fwea")]
transform = Transform3D(1, 0, 0, 0, 1, 0, 0, 0, 1, -20.994085, 1.0202605, -2.9564013)

[node name="DrunknessPickup12" parent="Hurtiture" instance=ExtResource("16_2fwea")]
transform = Transform3D(1, 0, 0, 0, 1, 0, 0, 0, 1, -21.163366, 1.0202605, -3.3768582)

[node name="DrunknessPickup13" parent="Hurtiture" instance=ExtResource("16_2fwea")]
transform = Transform3D(1, 0, 0, 0, 1, 0, 0, 0, 1, -21.04033, 1.0202605, -4.3497686)

[node name="DrunknessPickup14" parent="Hurtiture" instance=ExtResource("16_2fwea")]
transform = Transform3D(1, 0, 0, 0, 1, 0, 0, 0, 1, -21.032972, 1.0202605, -3.8229423)

[node name="Door" parent="." instance=ExtResource("23_ur1xt")]
transform = Transform3D(-4.371139e-08, 0, -1, 0, 1, 0, 1, 0, -4.371139e-08, -16.209894, -0.044504046, -1.574029)

[node name="Door2" parent="." instance=ExtResource("23_ur1xt")]
transform = Transform3D(-4.371139e-08, 0, -1, 0, 1, 0, 1, 0, -4.371139e-08, -8.802767, -0.03081727, 5.0773163)

[node name="Door3" parent="." instance=ExtResource("23_ur1xt")]
transform = Transform3D(-4.371139e-08, 0, -1, 0, 1, 0, 1, 0, -4.371139e-08, -24.314306, -0.01871705, 7.752203)

[node name="Door6" parent="." instance=ExtResource("23_ur1xt")]
transform = Transform3D(1, 0, 0, 0, 1, 0, 0, 0, 1, -30.092377, -0.020135641, 13.78611)

[node name="Door4" parent="." instance=ExtResource("23_ur1xt")]
transform = Transform3D(-4.371139e-08, 0, -1, 0, 1, 0, 1, 0, -4.371139e-08, 5.343702, -0.027525425, 6.0956078)

[node name="Stairs_thin" parent="." instance=ExtResource("5_bnuft")]
transform = Transform3D(1, 0, 0, 0, 1, 0, 0, 0, 1, -11.152222, -1.0046436, 9.544664)

[node name="TableRound1" parent="." instance=ExtResource("14_cw4i2")]
transform = Transform3D(1, 0, 0, 0, 1, 0, 0, 0, 1, 5.6247296, -9.536743e-07, 11.880858)

[node name="DrunknessPickup2" parent="." instance=ExtResource("16_2fwea")]
transform = Transform3D(1, 0, 0, 0, 1, 0, 0, 0, 1, 5.2696567, 0.99999905, 11.920128)

[node name="DrunknessPickup3" parent="." instance=ExtResource("16_2fwea")]
transform = Transform3D(1, 0, 0, 0, 1, 0, 0, 0, 1, 5.556561, 0.99999905, 11.595026)

[node name="DrunknessPickup4" parent="." instance=ExtResource("16_2fwea")]
transform = Transform3D(1, 0, 0, 0, 1, 0, 0, 0, 1, 5.942285, 0.99999905, 11.658787)

[node name="RugHazard2" parent="." instance=ExtResource("24_2o66m")]
transform = Transform3D(0.7749554, 0, 0.63201594, 0, 1, 0, -0.63201594, 0, 0.7749554, -7.480275, -4.7683716e-07, 10.445852)

[node name="DrunknessPickup5" parent="." instance=ExtResource("16_2fwea")]
transform = Transform3D(1, 0, 0, 0, 1, 0, 0, 0, 1, -22.311874, 1.057691, 12.720717)

[node name="DrunknessPickup6" parent="." instance=ExtResource("16_2fwea")]
transform = Transform3D(1, 0, 0, 0, 1, 0, 0, 0, 1, -20.885841, 1.057691, 12.820782)
