[gd_scene load_steps=58 format=3 uid="uid://d2a7apkvocsew"]

[ext_resource type="Script" path="res://Levels/lvl_4_disco.gd" id="1_n28pq"]
[ext_resource type="Script" uid="uid://cm1uqdo37kpmi" path="res://Gameplay/LogicObjects/player_spawner.gd" id="1_u88v8"]
[ext_resource type="Script" uid="uid://cplcsgmwkxa3h" path="res://Levels/disco_light.gd" id="2_0me7d"]
[ext_resource type="PackedScene" uid="uid://j1b5yvs8pnux" path="res://Objects/Architypes/Furniture/table_round1.tscn" id="3_6td24"]
[ext_resource type="Script" uid="uid://ddci75ik2j7ul" path="res://UI/camera_of_interest.gd" id="3_8dcp4"]
[ext_resource type="PackedScene" uid="uid://cdrpgw2um6m6i" path="res://Objects/safety_plane.tscn" id="3_p3124"]
[ext_resource type="Material" uid="uid://l1sgod1lv1b6" path="res://Assets/Materials/yellow_floral_wall.tres" id="4_d3p3f"]
[ext_resource type="PackedScene" uid="uid://d3unw205fanv5" path="res://Objects/Loot/pickup_beer.tscn" id="4_n28pq"]
[ext_resource type="Script" uid="uid://dbaf2uf6cx0uy" path="res://UI/camera_area_trigger.gd" id="4_smwtj"]
[ext_resource type="Material" uid="uid://c5e3ou8as7bf0" path="res://Assets/Materials/purple_carpet.tres" id="7_4rx7x"]
[ext_resource type="Script" path="res://Levels/accessibility_light.gd" id="7_08ply"]
[ext_resource type="PackedScene" uid="uid://dhy34qs7pvk36" path="res://Gameplay/Interactables/interact_switch.tscn" id="8_0mfmk"]
[ext_resource type="Material" uid="uid://dma21o2hw2ihv" path="res://Assets/Materials/kitchen_tiles_fg.tres" id="8_4rx7x"]
[ext_resource type="Script" path="res://Objects/hideable_wall.gd" id="8_6pvw3"]
[ext_resource type="PackedScene" uid="uid://cbj1xsvngkbla" path="res://Assets/LivingRoom/door_closed.gltf" id="9_enbb8"]
[ext_resource type="PackedScene" uid="uid://3kn1j5376oof" path="res://Objects/Architypes/Furniture/table2.tscn" id="10_v1l8h"]
[ext_resource type="PackedScene" uid="uid://c3exm36djed3o" path="res://Assets/Furniture/window_1_curtain.gltf" id="11_lkepb"]
[ext_resource type="PackedScene" uid="uid://bakknr3opo6gq" path="res://Objects/Architypes/Furniture/couch3.tscn" id="11_w3xq8"]
[ext_resource type="PackedScene" uid="uid://d24k31i312cc1" path="res://Objects/Architypes/Props/lamp_standing1.tscn" id="12_ayeew"]
[ext_resource type="PackedScene" uid="uid://d62n5s8htyn7" path="res://Characters/Teens/logic/TeenStanding.tscn" id="12_nk7wp"]
[ext_resource type="Texture2D" uid="uid://chs501hxidqt3" path="res://Assets/2D_Assets/Strobing_Lights_Warning/strobing_lights_wall_sticker.png" id="12_q87cs"]
[ext_resource type="PackedScene" uid="uid://d2fq258dik5oo" path="res://Objects/Architypes/Furniture/table1.tscn" id="13_lkepb"]
[ext_resource type="PackedScene" uid="uid://dnn6p65hj813g" path="res://Objects/Architypes/TrippingHazards/tripping_lamp.tscn" id="13_ltcua"]
[ext_resource type="Material" uid="uid://b23iqfg3em6ty" path="res://Assets/Materials/wooden_wall.tres" id="13_smwtj"]
[ext_resource type="PackedScene" uid="uid://c0d87wbdbi2al" path="res://Objects/Architypes/Furniture/couch1.tscn" id="18_r1olg"]
[ext_resource type="PackedScene" uid="uid://bkm1uu37o63vq" path="res://Objects/Architypes/Furniture/shelf1.tscn" id="19_u88v8"]
[ext_resource type="PackedScene" uid="uid://c0gyul67lvgh6" path="res://Assets/Furniture/rug_rose_gold.gltf" id="20_n8q5n"]
[ext_resource type="PackedScene" uid="uid://c5xjwe237ug3y" path="res://Objects/Architypes/LivingRoom/door.tscn" id="21_0mfmk"]
[ext_resource type="PackedScene" uid="uid://c50jjcmdyr7vp" path="res://Objects/Loot/pickup_beer_cup.tscn" id="21_2ernl"]
[ext_resource type="PackedScene" uid="uid://caon4iaxe5wiw" path="res://Objects/Architypes/Furniture/couch4.tscn" id="21_oa7ln"]
[ext_resource type="PackedScene" uid="uid://dh3i5uan6dujl" path="res://Objects/Architypes/Props/plant_palm1.tscn" id="23_u1rm7"]
[ext_resource type="PackedScene" uid="uid://dq8pax2pwl72a" path="res://Objects/Architypes/Props/plant_algae1.tscn" id="23_xnhyx"]
[ext_resource type="PackedScene" uid="uid://k0584mty7u68" path="res://Assets/LivingRoom/door_sides.gltf" id="24_4rx7x"]
[ext_resource type="PackedScene" uid="uid://cq2dax3g44gvp" path="res://Objects/Architypes/Props/chair1.tscn" id="25_sc4be"]
[ext_resource type="PackedScene" uid="uid://cs4digbuoekpl" path="res://Objects/Architypes/Furniture/shelf2.tscn" id="26_nk7wp"]
[ext_resource type="PackedScene" uid="uid://dsxj8qcelbum7" path="res://Assets/Props/beer_cup_broken.gltf" id="26_xnhyx"]
[ext_resource type="PackedScene" uid="uid://b2rny3w0qdj7n" path="res://Assets/Props/beer_can_broken.gltf" id="27_0qfrq"]
[ext_resource type="PackedScene" uid="uid://l4nbchy8y1g1" path="res://Objects/Architypes/Props/flowers1.tscn" id="27_dxxpt"]
[ext_resource type="PackedScene" uid="uid://ctkeed4oy5kjx" path="res://Objects/Loot/pickup_beer_bottle.tscn" id="28_o66ox"]
[ext_resource type="PackedScene" uid="uid://dbq7uwav6hvyw" path="res://Assets/Props/beer_bottle.gltf" id="32_8wnmk"]
[ext_resource type="PackedScene" uid="uid://bl2s2scly01yo" path="res://Objects/Architypes/Props/full_pizza.tscn" id="34_0qex1"]
[ext_resource type="PackedScene" uid="uid://tca4a42pryu5" path="res://Objects/Architypes/Hurtiture/hurtitire_cactus.tscn" id="38_8is7g"]
[ext_resource type="PackedScene" uid="uid://d3padysgagsbx" path="res://Objects/Architypes/TrippingHazards/tripping_rug.tscn" id="41_u5imr"]
[ext_resource type="PackedScene" uid="uid://djvhkhmcy0tn5" path="res://Shaders/shader_caching_onpath.tscn" id="42_fysx5"]

[sub_resource type="BoxShape3D" id="BoxShape3D_0qex1"]
size = Vector3(1.4931641, 2.268921, 0.77711105)

[sub_resource type="BoxShape3D" id="BoxShape3D_2ernl"]
size = Vector3(6.11322, 5.400879, 2.6853256)

[sub_resource type="BoxShape3D" id="BoxShape3D_8is7g"]
size = Vector3(6.11322, 5.400879, 5.6984234)

[sub_resource type="BoxShape3D" id="BoxShape3D_smwtj"]
size = Vector3(2.8466797, 5.400879, 5.0246234)

[sub_resource type="Environment" id="Environment_vu8ij"]
background_mode = 1
ambient_light_source = 2
ambient_light_color = Color(0.4074739, 0.20157146, 1, 1)
ambient_light_energy = 0.0
tonemap_mode = 4
fog_light_color = Color(0.2839273, 0.00018874474, 0.34208977, 1)
fog_light_energy = 3.01
fog_density = 0.0095

[sub_resource type="StandardMaterial3D" id="StandardMaterial3D_iy3ty"]
shading_mode = 0
diffuse_mode = 3
albedo_color = Color(0, 0, 0, 1)

[sub_resource type="PlaneMesh" id="PlaneMesh_xyml4"]

[sub_resource type="StandardMaterial3D" id="StandardMaterial3D_lxk6h"]
transparency = 1
albedo_texture = ExtResource("12_q87cs")
emission_enabled = true
emission = Color(0.82, 0.22139998, 0.4109566, 1)

[sub_resource type="PlaneMesh" id="PlaneMesh_imu1o"]

[sub_resource type="BoxShape3D" id="BoxShape3D_vrnn0"]
size = Vector3(11.354492, 4.661133, 13.5503845)

[sub_resource type="BoxShape3D" id="BoxShape3D_k8d6m"]
size = Vector3(2.8951664, 3.6125727, 0.2)

[sub_resource type="BoxShape3D" id="BoxShape3D_q87cs"]
size = Vector3(1.823761, 2.6583252, 1.2416992)

[sub_resource type="Curve3D" id="Curve3D_p3124"]
bake_interval = 2.0
_data = {
"points": PackedVector3Array(0, 0, 0, 0, 0, 0, 1.6757088, 0, 0.20363998, 0, 0, 0, 0, 0, 0, 1.2920399, 0, 18.562016, 0, 0, 0, 0, 0, 0, 11.251507, 0, 9.021778, 0, 0, 0, 0, 0, 0, 10.989624, 0, 35.91198),
"tilts": PackedFloat32Array(0, 0, 0, 0)
}
point_count = 4

[node name="lvl_4_disco" type="Node3D"]
script = ExtResource("1_n28pq")

[node name="PlayerSpawnPoint" type="Node3D" parent="."]
transform = Transform3D(1, 0, 0, 0, 1, 0, 0, 0, 1, -0.42863736, 0, 23.282732)
script = ExtResource("1_u88v8")
metadata/_custom_type_script = "uid://cm1uqdo37kpmi"

[node name="FinalDoor" parent="." instance=ExtResource("21_0mfmk")]
transform = Transform3D(-4.371139e-08, 0, -1, 0, 1, 0, 1, 0, -4.371139e-08, -10.600527, -0.023473978, -12.020969)

[node name="HoldThosePlantsBack!" type="StaticBody3D" parent="FinalDoor"]
transform = Transform3D(-4.371139e-08, 0, 1, 0, 1, 0, -1, 0, -4.371139e-08, -0.39026165, 0.023473978, 0.024885178)
collision_layer = 512
collision_mask = 4

[node name="CollisionShape3D" type="CollisionShape3D" parent="FinalDoor/HoldThosePlantsBack!"]
transform = Transform3D(1, 0, 0, 0, 1, 0, 0, 0, 1, 0, 0.63446045, -0.25896645)
shape = SubResource("BoxShape3D_0qex1")

[node name="SafetyPlane" parent="." instance=ExtResource("3_p3124")]
transform = Transform3D(1, 0, 0, 0, 1, 0, 0, 0, 1, -5.784853, -0.46528602, 10.576588)

[node name="CameraEnter" type="Camera3D" parent="."]
transform = Transform3D(0.9996855, -0.00999977, 0.022997888, -0.004958106, 0.8201467, 0.5721319, -0.02458283, -0.57206595, 0.8198392, -0.025934935, 3.5278144, 26.290264)
fov = 55.0
script = ExtResource("3_8dcp4")
blendInTime = 1.5
blendOutTime = 0.5

[node name="CameraSwitch" type="Camera3D" parent="."]
transform = Transform3D(0.73693043, -0.42043844, 0.5293063, -0.0049581025, 0.77965075, 0.626195, -0.67595047, -0.4640865, 0.57246375, 0.6419407, 3.5278153, 20.016249)
fov = 55.0
script = ExtResource("3_8dcp4")
blendInTime = 1.5
blendOutTime = 1.5

[node name="EnterCameraTrigger" type="Area3D" parent="." node_paths=PackedStringArray("ExitCam")]
transform = Transform3D(1, 0, 0, 0, 1, 0, 0, 0, 1, 1.45708, 0, 21.444717)
collision_layer = 0
collision_mask = 2
script = ExtResource("4_smwtj")
ExitCam = NodePath("../CameraEnter")

[node name="CollisionShape3D" type="CollisionShape3D" parent="EnterCameraTrigger"]
transform = Transform3D(1, 0, 0, 0, 1, 0, 0, 0, 1, -1.2612791, 2.2004395, 1.6066513)
shape = SubResource("BoxShape3D_2ernl")

[node name="CameraExit" type="Camera3D" parent="."]
transform = Transform3D(0.9997705, -0.0021999993, -0.021311572, 0.0058628186, 0.984839, 0.17337191, 0.020607049, -0.17345706, 0.9846258, -10.705703, 1.372211, -6.122877)
fov = 55.0
script = ExtResource("3_8dcp4")
blendInTime = 3.0
blendOutTime = 1.5

[node name="ExitCameraTrigger" type="Area3D" parent="." node_paths=PackedStringArray("ExitCam")]
transform = Transform3D(1, 0, 0, 0, 1, 0, 0, 0, 1, -9.074489, 0, -10.2803545)
collision_layer = 0
collision_mask = 2
script = ExtResource("4_smwtj")
ExitCam = NodePath("../CameraExit")

[node name="CollisionShape3D" type="CollisionShape3D" parent="ExitCameraTrigger"]
transform = Transform3D(1, 0, 0, 0, 1, 0, 0, 0, 1, -1.2612791, 2.2004395, 0.44759083)
shape = SubResource("BoxShape3D_8is7g")

[node name="SwitchrCameraTrigger" type="Area3D" parent="." node_paths=PackedStringArray("ExitCam")]
transform = Transform3D(1, 0, 0, 0, 1, 0, 0, 0, 1, 0.42332637, 0, 16.225693)
collision_layer = 0
collision_mask = 2
script = ExtResource("4_smwtj")
ExitCam = NodePath("../CameraSwitch")

[node name="CollisionShape3D" type="CollisionShape3D" parent="SwitchrCameraTrigger"]
transform = Transform3D(1, 0, 0, 0, 1, 0, 0, 0, 1, -0.51639223, 2.2004395, 0.5523815)
shape = SubResource("BoxShape3D_smwtj")

[node name="WorldEnvironment" type="WorldEnvironment" parent="."]
environment = SubResource("Environment_vu8ij")

[node name="Disco_spinner" type="Node3D" parent="WorldEnvironment"]
transform = Transform3D(1, 0, 0, 0, 1, 0, 0, 0, 1, -5.180691, 3.6303673, 2.7763538)

[node name="DiscoSpotlight" type="SpotLight3D" parent="WorldEnvironment/Disco_spinner"]
transform = Transform3D(1, 0, 0, 0, 0.7724344, 0.6350946, 0, -0.6350946, 0.7724344, 0.1808176, -0.78835106, 3.8376193)
light_color = Color(0.5685908, 1, 0.92133784, 1)
light_energy = 16.0
light_specular = 1.798
shadow_enabled = true
shadow_bias = 0.75
spot_range = 13.791734
spot_attenuation = 0.29
spot_angle = 65.91724
script = ExtResource("2_0me7d")

[node name="AccessibilityLight" type="SpotLight3D" parent="WorldEnvironment"]
transform = Transform3D(0.54730034, -3.658365e-08, 0.8369363, -0.8369363, -2.3923258e-08, 0.54730034, 0, -1, -4.3711392e-08, 0.27001655, 5.682051, 2.1711752)
visible = false
light_color = Color(1, 0.13, 0.14449978, 1)
light_energy = 12.029
shadow_enabled = true
shadow_bias = 0.422
shadow_normal_bias = 1.703
spot_range = 9.918
spot_attenuation = 0.0
spot_angle = 66.988304
script = ExtResource("7_08ply")

[node name="AccessibilityLight2" type="SpotLight3D" parent="WorldEnvironment"]
transform = Transform3D(0.34071594, -0.5217749, -0.78208923, 0.9155402, -0.0050088805, 0.4021953, -0.21377277, -0.85306853, 0.4759993, -11.593518, 5.6820507, 4.7641497)
visible = false
light_color = Color(0.075999916, 0.00999999, 1, 1)
light_energy = 7.126
shadow_enabled = true
shadow_bias = 0.672
shadow_normal_bias = 3.047
spot_range = 12.48
spot_attenuation = 0.0
spot_angle = 66.988304
script = ExtResource("7_08ply")

[node name="StartLight" type="SpotLight3D" parent="WorldEnvironment"]
transform = Transform3D(0.9970728, 3.342085e-09, -0.07645799, 0.07645799, -4.3583437e-08, 0.9970728, 0, -1, -4.371139e-08, -0.2454046, 4.3152494, 10.8857355)
light_color = Color(1, 0.883, 0.74, 1)
light_energy = 6.693
shadow_enabled = true
spot_range = 11.068
spot_attenuation = 0.0
spot_angle = 31.23

[node name="StartLight2" type="SpotLight3D" parent="WorldEnvironment"]
transform = Transform3D(0.95352995, -0.105867185, -0.28208634, 0.29881218, 0.21225731, 0.93040746, -0.03862472, -0.9714622, 0.2340281, -0.8400441, 4.3152494, 18.48182)
light_color = Color(1, 0.883, 0.74, 1)
light_energy = 3.538
shadow_enabled = true
shadow_bias = 0.055
spot_range = 11.068
spot_attenuation = 0.0
spot_angle = 37.53

[node name="StartLight3" type="SpotLight3D" parent="WorldEnvironment"]
transform = Transform3D(0.91741806, -0.12729955, -0.37701327, 0.37115228, -0.067908585, 0.92608553, -0.14349271, -0.9895369, -0.015053039, -0.8400441, 4.3152494, 23.48299)
light_color = Color(1, 0.883, 0.74, 1)
light_energy = 3.538
shadow_enabled = true
spot_range = 11.068
spot_attenuation = 0.0
spot_angle = 37.53

[node name="DestinationLight" type="SpotLight3D" parent="WorldEnvironment"]
transform = Transform3D(1, 0, 0, 0, -4.371139e-08, 1, 0, -1, -4.371139e-08, -10.547556, 4.3152494, -10.692833)
light_color = Color(1, 0.883, 0.74, 1)
light_energy = 6.693
shadow_enabled = true
spot_range = 8.140895
spot_attenuation = 0.0
spot_angle = 50.47157

[node name="DestinationLight2" type="SpotLight3D" parent="WorldEnvironment"]
transform = Transform3D(0.43226492, -0.6120088, -0.662263, 0.5515852, -0.4015493, 0.7311033, -0.7133729, -0.6813247, 0.16399933, -6.8539057, 3.2783422, -2.618833)
light_color = Color(0.86066663, 0.24000001, 1, 1)
light_energy = 6.693
spot_range = 3.9398456
spot_attenuation = 0.0
spot_angle = 54.843742

[node name="DestinationLight3" type="SpotLight3D" parent="WorldEnvironment"]
transform = Transform3D(0.6044612, -0.47982326, 0.6359217, -0.35457852, 0.5527805, 0.75412726, -0.7133729, -0.6813248, 0.16399932, -2.5749564, 3.2783422, -2.618833)
light_color = Color(0.24000001, 0.34133327, 1, 1)
light_energy = 6.693
spot_range = 3.9398456
spot_attenuation = 0.0
spot_angle = 54.843742

[node name="MeshInstance3D" type="MeshInstance3D" parent="WorldEnvironment"]
transform = Transform3D(40.108185, 0, 0, 0, 1, 0, 0, 0, 27.660757, -3.4174376, -1.2492998, 10.92626)
material_override = SubResource("StandardMaterial3D_iy3ty")
mesh = SubResource("PlaneMesh_xyml4")

[node name="EditorOnlyLight" type="DirectionalLight3D" parent="WorldEnvironment"]
light_energy = 0.655
editor_only = true

[node name="Layout" type="Node3D" parent="."]

[node name="Floor" type="Node3D" parent="Layout"]

[node name="CSGBox3D" type="CSGBox3D" parent="Layout/Floor"]
transform = Transform3D(1, 0, 0, 0, 1, 0, 0, 0, 1, -10.013258, -0.4858346, -1.2548912)
material_override = ExtResource("7_4rx7x")
use_collision = true
collision_layer = 65
size = Vector3(5.680585, 1, 7.179404)

[node name="CSGBox3D7" type="CSGBox3D" parent="Layout/Floor"]
transform = Transform3D(1, 0, 0, 0, 1, 0, 0, 0, 1, -10.013258, -0.4858346, 4.9206066)
material_override = ExtResource("7_4rx7x")
use_collision = true
collision_layer = 65
size = Vector3(5.680585, 1, 5.2067475)

[node name="CSGBox3D5" type="CSGBox3D" parent="Layout/Floor"]
transform = Transform3D(1, 0, 0, 0, 1, 0, 0, 0, 1, -2.9975839, -0.4858346, -2.202401)
material_override = ExtResource("7_4rx7x")
use_collision = true
collision_layer = 65
size = Vector3(8.537558, 1, 5.2843843)

[node name="CSGBox3D6" type="CSGBox3D" parent="Layout/Floor"]
transform = Transform3D(1, 0, 0, 0, 1, 0, 0, 0, 1, -2.9975839, -0.4858346, 3.9606977)
material_override = ExtResource("7_4rx7x")
use_collision = true
collision_layer = 65
size = Vector3(8.537558, 1, 7.1749067)

[node name="CSGBox3D4" type="CSGBox3D" parent="Layout/Floor"]
transform = Transform3D(1, 0, 0, 0, 1, 0, 0, 0, 1, -4.8433027, -0.02980566, -3.4615617)
material_override = ExtResource("7_4rx7x")
use_collision = true
collision_layer = 65
size = Vector3(3.4951172, 1, 2.3257966)

[node name="CSGBox3D3" type="CSGBox3D" parent="Layout/Floor"]
transform = Transform3D(1, 0, 0, 0, 1, 0, 0, 0, 1, -10.769519, -0.5000005, -10.768299)
material_override = ExtResource("8_4rx7x")
use_collision = true
collision_layer = 65
size = Vector3(4.1795454, 1, 6.2627177)

[node name="CSGBox3D8" type="CSGBox3D" parent="Layout/Floor"]
transform = Transform3D(1, 0, 0, 0, 1, 0, 0, 0, 1, -10.792651, -0.5000005, -6.1843805)
material_override = ExtResource("7_4rx7x")
use_collision = true
collision_layer = 65
size = Vector3(4.1332808, 1, 2.877647)

[node name="CSGBox3D2" type="CSGBox3D" parent="Layout/Floor"]
transform = Transform3D(1, 0, 0, 0, 1, 0, 0, 0, 1, -0.09637594, -0.5000005, 15.818445)
material_override = ExtResource("7_4rx7x")
use_collision = true
collision_layer = 65
size = Vector3(2.9970522, 1, 17.276482)

[node name="InteractSwitch" parent="Layout/Floor" instance=ExtResource("8_0mfmk")]
transform = Transform3D(1.3113416e-07, 0, 1, 0, 1, 0, -1, 0, 1.3113416e-07, -1.3658918, 1.4414339, 17.574444)

[node name="MeshInstance3D2" type="MeshInstance3D" parent="Layout/Floor/InteractSwitch"]
transform = Transform3D(1, 4.371138e-08, -2.1855695e-07, -2.1855693e-07, 4.3711395e-08, -1, -4.371138e-08, 1, 4.3711406e-08, -0.027830124, 0.6693814, -0.017969012)
material_override = SubResource("StandardMaterial3D_lxk6h")
mesh = SubResource("PlaneMesh_imu1o")

[node name="door_closed" parent="Layout/Floor" instance=ExtResource("9_enbb8")]
transform = Transform3D(-4.371139e-08, 0, 1, 0, 1, 0, -1, 0, -4.371139e-08, -0.91683936, 0, 23.113823)

[node name="door_closed2" parent="Layout/Floor" instance=ExtResource("9_enbb8")]
transform = Transform3D(-4.371139e-08, 0, -1, 0, 1, 0, 1, 0, -4.371139e-08, 0.7238697, 0, 15.86091)

[node name="Walls" type="Node3D" parent="Layout"]

[node name="CSG_WoodenlWall" type="CSGBox3D" parent="Layout/Walls"]
transform = Transform3D(1, 0, 0, 0, 1, 0, 0, 0, 1, 1.292451, 2.0889502, -0.56208944)
material_override = ExtResource("4_d3p3f")
use_collision = true
size = Vector3(0.2, 4.1826487, 8.325796)

[node name="CSG_WoodenlWall3" type="CSGBox3D" parent="Layout/Walls"]
transform = Transform3D(1, 0, 0, 0, 1, 0, 0, 0, 1, 1.292451, 2.0889502, 8.185808)
material_override = ExtResource("4_d3p3f")
use_collision = true
size = Vector3(0.2, 4.1826487, 9.395808)

[node name="CSG_WoodenlWall6" type="CSGBox3D" parent="Layout/Walls"]
transform = Transform3D(1, 0, 0, 0, 1, 0, 0, 0, 1, 1.292451, 2.0889502, 18.673428)
material_override = ExtResource("4_d3p3f")
use_collision = true
size = Vector3(0.2, 4.1826487, 11.58091)

[node name="CSG_WoodenlWall7" type="CSGBox3D" parent="Layout/Walls"]
transform = Transform3D(1, 0, 0, 0, 1, 0, 0, 0, 1, -1.4931514, 2.0889502, 19.073845)
material_override = ExtResource("4_d3p3f")
use_collision = true
size = Vector3(0.2, 4.1826487, 10.767677)

[node name="CSG_WoodenlWall5" type="CSGBox3D" parent="Layout/Walls"]
transform = Transform3D(1, 0, 0, 0, 1, 0, 0, 0, 1, -12.630497, 2.0889502, -2.3534753)
material_override = ExtResource("4_d3p3f")
use_collision = true
size = Vector3(0.2, 4.1826487, 20.137066)

[node name="CSG_WoodenlWall4" type="CSGBox3D" parent="Layout/Walls"]
transform = Transform3D(1, 0, 0, 0, 1, 0, 0, 0, 1, -1.4945084, 2.0889502, 10.707222)
material_override = ExtResource("4_d3p3f")
use_collision = true
size = Vector3(0.2, 4.1826487, 6.369194)
script = ExtResource("8_6pvw3")

[node name="Area3D" type="Area3D" parent="Layout/Walls/CSG_WoodenlWall4"]
collision_mask = 3

[node name="CollisionShape3D2" type="CollisionShape3D" parent="Layout/Walls/CSG_WoodenlWall4/Area3D"]
transform = Transform3D(-4.371139e-08, 0, -1, 0, 1, 0, 1, 0, -4.371139e-08, -4.0091805, -0.03613305, -10.878803)
shape = SubResource("BoxShape3D_vrnn0")

[node name="CSG_WoodenlWall2" type="CSGBox3D" parent="Layout/Walls"]
transform = Transform3D(1, 0, 0, 0, 1, 0, 0, 0, 1, -8.675036, 2.088951, -8.518494)
material_override = ExtResource("4_d3p3f")
use_collision = true
size = Vector3(0.2, 4.1826487, 7.951588)

[node name="CSG_YellowlWall" type="CSGBox3D" parent="Layout/Walls"]
transform = Transform3D(-4.371139e-08, 0, -1, 0, 1, 0, 1, 0, -4.371139e-08, -3.7693958, 2.052817, -4.6252146)
material_override = ExtResource("4_d3p3f")
use_collision = true
size = Vector3(0.2, 4.2616735, 9.92387)

[node name="CSG_YellowlWall3" type="CSGBox3D" parent="Layout/Walls"]
transform = Transform3D(-4.371139e-08, 0, -1, 0, 1, 0, 1, 0, -4.371139e-08, -0.09348726, 0.040749133, 24.361483)
material_override = ExtResource("4_d3p3f")
use_collision = true
size = Vector3(0.2, 0.2375375, 2.8938093)

[node name="CSG_YellowlWall7" type="CSGBox3D" parent="Layout/Walls"]
transform = Transform3D(-4.371139e-08, 0, -1, 0, 1, 0, 1, 0, -4.371139e-08, 2.804341, 2.0535693, 24.361483)
material_override = ExtResource("13_smwtj")
use_collision = true
size = Vector3(0.2, 4.263178, 2.8531547)

[node name="CSG_YellowlWall8" type="CSGBox3D" parent="Layout/Walls"]
transform = Transform3D(-4.371139e-08, 0, -1, 0, 1, 0, 1, 0, -4.371139e-08, -2.9584024, 2.0535693, 24.361483)
material_override = ExtResource("13_smwtj")
use_collision = true
size = Vector3(0.2, 4.263178, 2.8233695)

[node name="CSG_YellowlWall2" type="CSGBox3D" parent="Layout/Walls"]
transform = Transform3D(-4.371139e-08, 0, -1, 0, 1, 0, 1, 0, -4.371139e-08, -7.056693, 2.052817, 7.6043296)
material_override = ExtResource("4_d3p3f")
use_collision = true
size = Vector3(0.2, 4.2616735, 11.233419)
script = ExtResource("8_6pvw3")

[node name="Area3D" type="Area3D" parent="Layout/Walls/CSG_YellowlWall2"]
collision_mask = 3

[node name="CollisionShape3D" type="CollisionShape3D" parent="Layout/Walls/CSG_YellowlWall2/Area3D"]
transform = Transform3D(1, 0, 0, 0, 1, 0, 0, 0, 1, -5.2978516, 0, -1.6689582)
shape = SubResource("BoxShape3D_vrnn0")

[node name="CSG_YellowlWall4" type="CSGBox3D" parent="Layout/Walls"]
transform = Transform3D(-4.371139e-08, 0, -1, 0, 1, 0, 1, 0, -4.371139e-08, -11.9005, 2.1077466, -12.496222)
material_override = ExtResource("4_d3p3f")
use_collision = true
size = Vector3(0.2, 4.2202463, 1.2780247)

[node name="CSG_YellowlWall5" type="CSGBox3D" parent="Layout/Walls"]
transform = Transform3D(-4.371139e-08, 0, -1, 0, 1, 0, 1, 0, -4.371139e-08, -9.373278, 2.1077466, -12.496222)
material_override = ExtResource("4_d3p3f")
use_collision = true
size = Vector3(0.2, 4.2202463, 1.192235)

[node name="CSG_YellowlWall6" type="CSGBox3D" parent="Layout/Walls"]
transform = Transform3D(-4.371139e-08, 0, -1, 0, 1, 0, 1, 0, -4.371139e-08, -10.546027, 3.6081817, -12.496222)
material_override = ExtResource("4_d3p3f")
use_collision = true
size = Vector3(0.2, 1.2193761, 1.6103516)

[node name="InvisibleWall" type="StaticBody3D" parent="Layout/Walls"]
transform = Transform3D(1, 0, 0, 0, 1, 0, 0, 0, 1, 0.19972849, 1.6871643, 24.310947)
collision_mask = 39

[node name="CollisionShape3D" type="CollisionShape3D" parent="Layout/Walls/InvisibleWall"]
transform = Transform3D(1, 0, 0, 0, 1, 0, 0, 0, 1, -0.2949685, 0.06830382, 0.04779625)
shape = SubResource("BoxShape3D_k8d6m")

[node name="Teens" type="Node3D" parent="."]

[node name="TeenStanding2" parent="Teens" instance=ExtResource("12_nk7wp")]
transform = Transform3D(0.33390552, 0, -0.9426065, 0, 1, 0, 0.9426065, 0, 0.33390552, -3.2693384, 0, 1.5919101)
animation = "Dancing"

[node name="TeenStanding4" parent="Teens" instance=ExtResource("12_nk7wp")]
transform = Transform3D(-0.70090926, 0, -0.71325046, 0, 1, 0, 0.71325046, 0, -0.70090926, -3.9028804, 0, 4.7377777)
animation = "DiscoJump"

[node name="TeenStanding5" parent="Teens" instance=ExtResource("12_nk7wp")]
transform = Transform3D(-0.8297493, 0, -0.5581361, 0, 1, 0, 0.5581361, 0, -0.8297493, -6.596873, 0, 5.2606)
animation = "Dancing"
model_index = 2

[node name="TeenStanding13" parent="Teens" instance=ExtResource("12_nk7wp")]
transform = Transform3D(0.13412449, 0, 0.9909646, 0, 1, 0, -0.9909646, 0, 0.13412449, -5.3132424, 0, 2.5276408)
animation = "Dancing"

[node name="TeenStanding7" parent="Teens" instance=ExtResource("12_nk7wp")]
transform = Transform3D(0.08835542, 0, -0.996089, 0, 1, 0, 0.996089, 0, 0.08835542, 0.96411026, 0, 5.869471)
animation = "Wall"
model_index = 1

[node name="TeenStanding8" parent="Teens" instance=ExtResource("12_nk7wp")]
transform = Transform3D(0.70429975, 0, -0.70990264, 0, 1, 0, 0.70990264, 0, 0.70429975, -2.052947, 0, 2.926934)
animation = "Drinking"
model_index = 2

[node name="TeenStanding22" parent="Teens" instance=ExtResource("12_nk7wp")]
transform = Transform3D(-0.011134952, 0, 0.99993783, 0, 1, 0, -0.99993783, 0, -0.011134952, -0.45642936, -4.7683716e-07, 4.28906)
animation = "Dancing"

[node name="TeenStanding16" parent="Teens" instance=ExtResource("12_nk7wp")]
transform = Transform3D(0.86316645, 0, 0.50491935, 0, 1, 0, -0.50491935, 0, 0.86316645, -6.759024, 0, -1.6319299)
animation = "Drinking"

[node name="TeenStanding14" parent="Teens" instance=ExtResource("12_nk7wp")]
transform = Transform3D(0.70429975, 0, -0.70990264, 0, 1, 0, 0.70990264, 0, 0.70429975, -2.0529213, 0, -0.79811454)
animation = "Drinking"
model_index = 2

[node name="TeenStanding20" parent="Teens" instance=ExtResource("12_nk7wp")]
transform = Transform3D(0.9998835, 0, -0.015271053, 0, 1, 0, 0.015271053, 0, 0.9998835, -4.7507563, 0.47057986, -3.5984886)
animation = "SuprizedMad"

[node name="TeenStanding18" parent="Teens" instance=ExtResource("12_nk7wp")]
transform = Transform3D(0.574591, 0, 0.8184407, 0, 1, 0, -0.8184407, 0, 0.574591, -7.649512, 0, 2.4468486)
animation = "Drinking"
model_index = 2

[node name="TeenStanding19" parent="Teens" instance=ExtResource("12_nk7wp")]
transform = Transform3D(0.72587895, 0, -0.68782246, 0, 1, 0, 0.68782246, 0, 0.72587895, -8.047224, 0, 3.1580808)
animation = "Drinking"
model_index = 1

[node name="TeenStanding15" parent="Teens" instance=ExtResource("12_nk7wp")]
transform = Transform3D(0.8145611, 0, 0.5800776, 0, 1, 0, -0.5800776, 0, 0.8145611, -3.632059, 0, -2.1630285)
animation = "Drinking"
model_index = 1

[node name="TeenStanding9" parent="Teens" instance=ExtResource("12_nk7wp")]
transform = Transform3D(0.9926753, 0, 0.12081258, 0, 1, 0, -0.12081258, 0, 0.9926753, -1.5135468, 0, 0.71693504)
animation = "Dancing2"
model_index = 1

[node name="TeenStanding17" parent="Teens" instance=ExtResource("12_nk7wp")]
transform = Transform3D(0.7780238, 0, 0.62823474, 0, 1, 0, -0.62823474, 0, 0.7780238, -7.1763663, 0, -1.0135053)
animation = "Dancing2"
model_index = 2

[node name="TeenStanding10" parent="Teens" instance=ExtResource("12_nk7wp")]
transform = Transform3D(0.6651652, 0, 0.7466963, 0, 1, 0, -0.7466963, 0, 0.6651652, -7.568873, 0, 1.4699198)
animation = "DiscoJump"

[node name="TeenStanding11" parent="Teens" instance=ExtResource("12_nk7wp")]
transform = Transform3D(-0.4904627, 0, 0.8714621, 0, 1, 0, -0.8714621, 0, -0.4904627, -9.287501, 0, 4.847135)
animation = "Dancing"

[node name="TeenStanding21" parent="Teens" instance=ExtResource("12_nk7wp")]
transform = Transform3D(-0.4904627, 0, 0.8714621, 0, 1, 0, -0.8714621, 0, -0.4904627, -11.786458, 0, 6.389942)
animation = "Drinking"
model_index = 2

[node name="TeenStanding12" parent="Teens" instance=ExtResource("12_nk7wp")]
transform = Transform3D(0.9926753, 0, 0.12081258, 0, 1, 0, -0.12081258, 0, 0.9926753, -9.436027, 0, 0.8074868)
animation = "Dancing2"

[node name="Table2" parent="Teens" instance=ExtResource("10_v1l8h")]
transform = Transform3D(0.98581207, 0, 0.1678528, 0, 1, 0, -0.1678528, 0, 0.98581207, -4.4868293, 0.00024414063, 5.853933)

[node name="Table4" parent="Teens" instance=ExtResource("10_v1l8h")]
transform = Transform3D(-0.19257331, 0, 0.9812826, 0, 1, 0, -0.9812826, 0, -0.19257331, -4.705111, 0.003098011, 0.72718644)

[node name="TeenStanding" parent="Teens/Table4" instance=ExtResource("12_nk7wp")]
transform = Transform3D(0.4152014, 0, -0.90972954, 0, 1, 0, 0.90972954, 0, 0.4152014, -0.36678463, 0.8177588, 0.06272411)
animation = "DiscoJump"
model_index = 1

[node name="Table5" parent="Teens" instance=ExtResource("10_v1l8h")]
transform = Transform3D(0.8042407, 0, -0.59430367, 0, 1, 0, 0.59430367, 0, 0.8042407, -0.69095325, 0.003098011, -0.9722171)

[node name="TeenStanding" parent="Teens/Table5" instance=ExtResource("12_nk7wp")]
transform = Transform3D(0.4152014, 0, -0.90972954, 0, 1, 0, 0.90972954, 0, 0.4152014, -0.36678463, 0.8177588, 0.06272411)
animation = "DiscoJump"

[node name="TeenStanding2" parent="Teens/Table5" instance=ExtResource("12_nk7wp")]
transform = Transform3D(0.9291778, 0, -0.36963326, 0, 1, 0, 0.36963326, 0, 0.9291778, 0.96007544, 0.81775856, -0.22271729)
animation = "Dancing2"

[node name="window_1_curtain2" parent="Teens" instance=ExtResource("11_lkepb")]
transform = Transform3D(1, 0, 0, 0, 1, 0, 0, 0, 1, -0.6772992, 1.6742058, -4.4721746)

[node name="window_1_curtain4" parent="Teens" instance=ExtResource("11_lkepb")]
transform = Transform3D(1, 0, 0, 0, 1, 0, 0, 0, 1, -7.12638, 1.6742058, -4.4721746)

[node name="window_1_curtain5" parent="Teens" instance=ExtResource("11_lkepb")]
transform = Transform3D(-4.371139e-08, 0, 1, 0, 1, 0, -1, 0, -4.371139e-08, -12.47616, 1.8651757, 4.6471453)

[node name="window_1_curtain6" parent="Teens" instance=ExtResource("11_lkepb")]
transform = Transform3D(-4.371139e-08, 0, 1, 0, 1, 0, -1, 0, -4.371139e-08, -12.457444, 1.8651757, 1.0060108)

[node name="LampStanding3" parent="Teens" instance=ExtResource("12_ayeew")]
transform = Transform3D(1, 0, 0, 0, 1, 0, 0, 0, 1, -1.0739496, 0.037964582, 8.480298)

[node name="LampStanding4" parent="Teens" instance=ExtResource("12_ayeew")]
transform = Transform3D(1, 0, 0, 0, 1, 0, 0, 0, 1, 0.81698227, 0.037964582, -0.0066075325)

[node name="LampStanding7" parent="Teens" instance=ExtResource("12_ayeew")]
transform = Transform3D(1, 0, 0, 0, 1, 0, 0, 0, 1, -8.511858, 0.037964582, -4.130056)

[node name="LampStanding8" parent="Teens" instance=ExtResource("12_ayeew")]
transform = Transform3D(1, 0, 0, 0, 1, 0, 0, 0, 1, -9.899488, 0.037964582, 4.869288)

[node name="TriperyTest" parent="Teens" instance=ExtResource("13_ltcua")]
transform = Transform3D(0.8705275, 0, 0.49211973, 0, 1, 0, -0.49211973, 0, 0.8705275, -4.122117, 0.081304476, 3.317603)

[node name="TriperyTest3" parent="Teens" instance=ExtResource("13_ltcua")]
transform = Transform3D(-0.63305676, 0, -0.7741054, 0, 1, 0, 0.7741054, 0, -0.63305676, -7.97059, 0.081304476, 6.6326213)

[node name="TriperyTest4" parent="Teens" instance=ExtResource("13_ltcua")]
transform = Transform3D(0.7107258, 0, -0.7034691, 0, 1, 0, 0.7034691, 0, 0.7107258, -8.324746, 0.081304476, 2.6485689)

[node name="TriperyTest5" parent="Teens" instance=ExtResource("13_ltcua")]
transform = Transform3D(0.89799684, 0, -0.44000185, 0, 1, 0, 0.44000185, 0, 0.89799684, -7.1899467, 0.081304476, -1.5450214)

[node name="rug_rose_gold" parent="Teens" instance=ExtResource("20_n8q5n")]
transform = Transform3D(-0.6831081, 0, 0.7303173, 0, 1, 0, -0.7303173, 0, -0.6831081, -8.738264, 0.014164925, 3.930543)

[node name="rug_rose_gold2" parent="Teens" instance=ExtResource("20_n8q5n")]
transform = Transform3D(0.34075695, 0, 0.94015145, 0, 1, 0, -0.94015145, 0, 0.34075695, -9.460621, 0.014164925, -1.5316763)

[node name="Table1" parent="Teens" instance=ExtResource("13_lkepb")]
transform = Transform3D(1, 0, 0, 0, 1, 0, 0, 0, 1, -1.461441, 0.020964082, -3.8177216)

[node name="DrunknessPickup2" parent="Teens" instance=ExtResource("21_2ernl")]
transform = Transform3D(1, 0, 0, 0, 1, 0, 0, 0, 1, -0.666896, 0.9102566, -3.501535)

[node name="Furniture" type="Node3D" parent="."]

[node name="Couch3" parent="Furniture" instance=ExtResource("11_w3xq8")]
transform = Transform3D(-0.70391554, 0, -0.7102837, 0, 1, 0, 0.7102837, 0, -0.70391554, -2.349742, 0.00052046776, 6.34409)

[node name="Couch5" parent="Furniture" instance=ExtResource("11_w3xq8")]
transform = Transform3D(-0.49910796, 0, 0.86653984, 0, 1, 0, -0.86653984, 0, -0.49910796, -9.351077, 0.00052046776, 6.2353806)

[node name="Couch6" parent="Furniture" instance=ExtResource("11_w3xq8")]
transform = Transform3D(0.29115307, 0, 0.9566765, 0, 1, 0, -0.9566765, 0, 0.29115307, -11.595348, 0.00052046776, 3.9698186)

[node name="Table1" parent="Furniture" instance=ExtResource("13_lkepb")]
transform = Transform3D(0.39751622, 0, 0.91759515, 0, 1, 0, -0.91759515, 0, 0.39751622, -7.938068, 0.007042344, 0.7172197)

[node name="Couch1" parent="Furniture" instance=ExtResource("18_r1olg")]
transform = Transform3D(0.08336473, 0, -0.9965191, 0, 1, 0, 0.9965191, 0, 0.08336473, -5.1104355, 0.020103306, 3.9583788)

[node name="Shelf1" parent="Furniture" instance=ExtResource("19_u88v8")]
transform = Transform3D(-4.0907594e-08, 0.35238072, -0.9358568, 1.540305e-08, 0.9358568, 0.35238072, 1, 0, -4.371139e-08, 0.06637061, 0.056058407, -2.4498463)

[node name="Couch4" parent="Furniture" instance=ExtResource("21_oa7ln")]
transform = Transform3D(0.23100072, 0, 0.97295356, 0, 1, 0, -0.97295356, 0, 0.23100072, -9.1493845, 0.020016685, 0.27349794)

[node name="Table3" parent="Furniture" instance=ExtResource("13_lkepb")]
transform = Transform3D(0.9074624, 0, 0.42013323, 0, 1, 0, -0.42013323, 0, 0.9074624, -11.313477, 0.020964082, -3.1069756)

[node name="Shelf2" parent="Furniture" instance=ExtResource("19_u88v8")]
transform = Transform3D(-4.6515183e-08, -0.35238072, 0.9358568, 1.540305e-08, 0.9358568, 0.35238072, -1, 3.0806103e-08, -3.8103813e-08, -11.42397, 0.05605936, -1.4887154)

[node name="Table2" parent="Furniture" instance=ExtResource("10_v1l8h")]
transform = Transform3D(1, 0, 0, 0, 1, 0, 0, 0, 1, -4.658391, 0.47019386, -2.6983175)

[node name="Plant2" parent="Furniture" instance=ExtResource("23_xnhyx")]
transform = Transform3D(-0.12115908, 0, -0.9926331, 0, 1, 0, 0.9926331, 0, -0.12115908, -12.047531, 0.0054524243, -11.863292)

[node name="Plant3" parent="Furniture" instance=ExtResource("23_xnhyx")]
transform = Transform3D(0.9246657, 0, 0.38077992, 0, 1, 0, -0.38077992, 0, 0.9246657, -9.344701, 0.0054524243, -11.699713)

[node name="Plant1" parent="Furniture" instance=ExtResource("23_u1rm7")]
transform = Transform3D(-0.55272263, 0, 0.8333653, 0, 1, 0, -0.8333653, 0, -0.55272263, 0.718167, -9.536743e-07, 23.832266)

[node name="LampStanding1" parent="Furniture" instance=ExtResource("25_sc4be")]
transform = Transform3D(0.2620039, 0, 0.9650668, 0, 1, 0, -0.9650668, 0, 0.2620039, -0.8999385, 0.002022396, 13.617111)

[node name="Shelf3" parent="Furniture" instance=ExtResource("26_nk7wp")]
transform = Transform3D(0.035405345, 0, -0.999373, 0, 1, 0, 0.999373, 0, 0.035405345, 1.0353856, -4.7683716e-07, 21.652197)

[node name="Flowers1" parent="Furniture" instance=ExtResource("27_dxxpt")]
transform = Transform3D(1, 0, 0, 0, 1, 0, 0, 0, 1, -0.8641021, 0.65464044, 13.561359)

[node name="TableRound2" parent="Furniture" instance=ExtResource("3_6td24")]
transform = Transform3D(1, 0, 0, 0, 1, 0, 0, 0, 1, 0.683609, 0, 11.010247)

[node name="TableRound1" parent="Furniture" instance=ExtResource("3_6td24")]
transform = Transform3D(1, 0, 0, 0, 1, 0, 0, 0, 1, -0.8293841, -2.3841858e-07, 19.15229)

[node name="Shelf4" parent="Furniture" instance=ExtResource("19_u88v8")]
transform = Transform3D(-0.20302579, 0.12879346, -0.9706662, -0.03106161, 0.989966, 0.13785115, 0.97868073, 0.05813777, -0.19698805, 0.59136, 0.005311489, 15.344576)

[node name="CollisionShape3D2" type="CollisionShape3D" parent="Furniture/Shelf4"]
transform = Transform3D(0.99912244, 0.005750444, -0.041493505, -0.0058044493, 0.9999825, -0.0011845902, 0.041486233, 0.0014217375, 0.9991395, -8.869171e-05, 0.8306892, -0.27017164)
shape = SubResource("BoxShape3D_q87cs")

[node name="TableRound3" parent="Furniture" instance=ExtResource("3_6td24")]
transform = Transform3D(1, 0, 0, 0, 1, 0, 0, 0, 1, -10.366045, 0.014164925, 6.919895)

[node name="DrunknessPickup2" parent="Furniture" instance=ExtResource("21_2ernl")]
transform = Transform3D(1, 0, 0, 0, 1, 0, 0, 0, 1, -10.376484, 0.91025645, -3.333785)

[node name="Couch7" parent="Furniture" instance=ExtResource("21_oa7ln")]
transform = Transform3D(0.9627201, 0, -0.27049965, 0, 1, 0, 0.27049965, 0, 0.9627201, -7.387524, 0.020016208, -3.8234875)

[node name="Consumable" type="Node3D" parent="."]

[node name="DrunknessPickup" parent="Consumable" instance=ExtResource("4_n28pq")]
transform = Transform3D(1, 0, 0, 0, 1, 0, 0, 0, 1, 0.4763015, 1.0000002, 11.296318)

[node name="DrunknessPickup4" parent="Consumable" instance=ExtResource("4_n28pq")]
transform = Transform3D(1, 0, 0, 0, 1, 0, 0, 0, 1, 0.3173064, 1.0000002, 11.049008)

[node name="DrunknessPickup5" parent="Consumable" instance=ExtResource("4_n28pq")]
transform = Transform3D(1, 0, 0, 0, 1, 0, 0, 0, 1, 0.5830316, 1.0000002, 10.914263)

[node name="DrunknessPickup6" parent="Consumable" instance=ExtResource("4_n28pq")]
transform = Transform3D(1, 0, 0, 0, 1, 0, 0, 0, 1, 0.52410537, 1.3186798, 10.801423)

[node name="DrunknessPickup7" parent="Consumable" instance=ExtResource("4_n28pq")]
transform = Transform3D(1, 0, 0, 0, 1, 0, 0, 0, 1, 0.9348208, 1.0285186, 11.317694)

[node name="DrunknessPickup2" parent="Consumable" instance=ExtResource("4_n28pq")]
transform = Transform3D(1, 0, 0, 0, 1, 0, 0, 0, 1, 0.37651527, 1, 10.8259)

[node name="DrunknessPickup3" parent="Consumable" instance=ExtResource("4_n28pq")]
transform = Transform3D(1, 0, 0, 0, 1, 0, 0, 0, 1, 0.6335793, 1.0000002, 10.681036)

[node name="DrunknessPickup10" parent="Consumable" instance=ExtResource("28_o66ox")]
transform = Transform3D(1, 0, 0, 0, 1, 0, 0, 0, 1, 0.60869646, 1.0108913, 22.4266)

[node name="DrunknessPickup11" parent="Consumable" instance=ExtResource("28_o66ox")]
transform = Transform3D(1, 0, 0, 0, 1, 0, 0, 0, 1, 0.8189318, 1.0108913, 22.562511)

[node name="DrunknessPickup12" parent="Consumable" instance=ExtResource("28_o66ox")]
transform = Transform3D(1, 0, 0, 0, 1, 0, 0, 0, 1, 0.5207076, 1.0108913, 21.231417)

[node name="DrunknessPickup8" parent="Consumable" instance=ExtResource("4_n28pq")]
transform = Transform3D(1, 0, 0, 0, 1, 0, 0, 0, 1, -10.197154, 1.0141649, 6.682224)

[node name="FullPizza" parent="Consumable" instance=ExtResource("34_0qex1")]
transform = Transform3D(1, 0, 0, 0, 1, 0, 0, 0, 1, -5.2998714, 1.3364048, -2.61821)

[node name="FullPizza2" parent="Consumable" instance=ExtResource("34_0qex1")]
transform = Transform3D(-0.95776224, 0, 0.28756124, 0, 1, 0, -0.28756124, 0, -0.95776224, -4.157954, 1.3063755, -2.7170086)

[node name="Decor" type="Node3D" parent="."]

[node name="rug_rose_gold" parent="Decor" instance=ExtResource("20_n8q5n")]
transform = Transform3D(0.9459609, 0, 0.32428062, 0, 1, 0, -0.32428062, 0, 0.9459609, -4.723604, 0.014164925, -1.0183759)

[node name="door_sides" parent="Decor" instance=ExtResource("24_4rx7x")]
transform = Transform3D(-4.371139e-08, 1.1364224, 0, -1, -4.96746e-08, 0, 0, 0, 1, -12.646353, -0.09180325, -7.695888)

[node name="door_sides2" parent="Decor" instance=ExtResource("24_4rx7x")]
transform = Transform3D(-0.99999994, -6.0052194e-08, -4.3781686e-08, 4.3383345e-08, 0.010388304, -1.0016084, 4.3710163e-08, -1.3841834, -0.007517076, -12.578279, -0.021255463, -7.555749)

[node name="door_sides3" parent="Decor" instance=ExtResource("24_4rx7x")]
transform = Transform3D(-0.99999994, -6.0052194e-08, -4.3781686e-08, 4.3383345e-08, 0.010388304, -1.0016084, 4.3710163e-08, -1.3841834, -0.007517076, -8.734097, -0.021255463, -7.555749)

[node name="door_sides4" parent="Decor" instance=ExtResource("24_4rx7x")]
